10001  1
10101  1
10201  1
10301  1
10401  1
10501  1
10601  1
10701  1
10801  1
10901  1
11001  1
11101  1
11201  1
11301  1
11401  1
11501  1
11601  1
11701  1
11801  1
11901  1
12001  1
12101  1
12201  1
12301  0
12401  1
12501  1
12601  1
12701  1
12801  1
12901  1
13001  1
13101  1
13201  1
13301  1
13401  1
13501  1
13601  1
13701  1
13801  1
13901  1
14001  1
14101  1
14201  1
14301  1
14401  1
14501  1
14601  1
14701  1
14801  1
14901  1
15001  1
15101  1
15201  1
15301  1
15401  1
15501  1
15601  1
15701  1
15801  1
15901  1
16001  1
16101  1
16201  1
16301  1
16401  1
16501  1
16601  1
16701  1
16801  1
16901  1
17001  1
17101  1
17201  1
17301  1
17401  1
17501  1
17601  1
17701  1
17801  1
17901  1
18001  1
18101  1
18201  1
18301  1
18401  1
18501  1
18601  1
18701  1
18801  1
18901  1
19001  1
19101  1
19201  1
19301  1
19401  1
19501  1
19601  1
19701  1
19801  1
19901  1
20001  1
20101  1
20201  1
20301  1
20401  1
20501  1
20601  1
20701  1
20801  1
20901  1
21001  1
21101  1
21201  1
21301  1
21401  1
21501  1
21601  1
21701  1
21801  1
21901  1
22001  1
22101  1
22201  1
22301  1
22401  1
22501  1
22601  1
22701  1
22801  1
22901  0
23001  1
23101  1
23201  1
23301  1
23401  1
23501  1
23601  1
23701  1
23801  1
23901  1
24001  1
24101  1
24201  1
24301  1
24401  1
24501  1
24601  1
24701  1
24801  1
24901  1
25001  1
25101  1
25201  1
25301  1
25401  1
25501  1
25601  1
25701  1
25801  1
25901  1
26001  1
26101  1
26201  1
26301  1
26401  1
26501  1
26601  1
26701  1
26801  1
26901  1
27001  1
27101  1
27201  1
27301  1
27401  1
27501  1
27601  1
27701  1
27801  1
27901  1
28001  1
28101  1
28201  1
28301  1
28401  1
28501  1
28601  1
28701  1
28801  1
28901  1
29001  1
29101  1
29201  1
29301  1
29401  1
29501  1
29601  1
29701  1
29801  1
29901  1
30001  1
30101  1
30201  1
30301  1
30401  1
30501  1
30601  1
30701  1
30801  1
30901  1
31001  1
31101  1
31201  1
31301  1
31401  1
31501  1
31601  1
31701  1
31801  1
31901  1
32001  1
32101  1
32201  1
32301  1
32401  1
32501  1
32601  1
32701  1
32801  1
32901  1
33001  1
33101  1
33201  1
33301  1
33401  1
33501  1
33601  1
33701  1
33801  1
33901  1
34001  1
34101  1
34201  1
34301  1
34401  1
34501  1
34601  1
34701  1
34801  1
34901  1
35001  1
35101  1
35201  1
35301  1
35401  1
35501  1
35601  1
35701  1
35801  1
35901  1
36001  1
36101  1
36201  1
36301  1
36401  1
36501  1
36601  1
36701  1
36801  1
36901  1
37001  1
37101  1
37201  1
37301  1
37401  1
37501  1
37601  1
37701  1
37801  1
37901  1
38001  0
38101  1
38201  1
38301  1
38401  1
38501  1
38601  1
38701  1
38801  1
38901  1
39001  1
39101  1
39201  1
39301  1
39401  1
39501  1
39601  1
39701  1
39801  1
39901  1
40001  1
40101  1
40201  1
40301  1
40401  1
40501  1
40601  1
40701  1
40801  1
40901  1
41001  1
41101  1
41201  1
41301  1
41401  1
41501  1
41601  1
41701  1
41801  1
41901  1
42001  1
42101  0
42201  1
42301  1
42401  1
42501  1
42601  1
42701  1
42801  1
42901  1
43001  1
43101  1
43201  1
43301  1
43401  1
43501  1
43601  1
43701  1
43801  1
43901  1
44001  1
44101  1
44201  1
44301  1
44401  1
44501  1
44601  1
44701  1
44801  1
44901  1
45001  1
45101  1
45201  1
45301  1
45401  1
45501  0
45601  1
45701  1
45801  1
45901  1
46001  1
46101  0
46201  1
46301  1
46401  1
46501  1
46601  1
46701  1
46801  1
46901  1
47001  0
47101  1
47201  1
47301  1
47401  1
47501  1
47601  1
47701  1
47801  1
47901  1
48001  1
48101  1
48201  1
48301  1
48401  1
48501  1
48601  1
48701  1
48801  1
48901  1
49001  1
49101  1
49201  1
49301  1
49401  1
49501  1
49601  1
49701  1
49801  1
49901  1
50001  1
50101  0
50201  1
50301  1
50401  1
50501  1
50601  1
50701  1
50801  1
50901  1
51001  1
51101  1
51201  1
51301  1
51401  1
51501  1
51601  1
51701  1
51801  1
51901  1
52001  1
52101  1
52201  1
52301  1
52401  1
52501  1
52601  1
52701  1
52801  0
52901  1
53001  1
53101  1
53201  1
53301  1
53401  1
53501  1
53601  1
53701  1
53801  1
53901  1
54001  1
54101  1
54201  1
54301  1
54401  1
54501  1
54601  1
54701  1
54801  1
54901  1
55001  1
55101  1
55201  1
55301  1
55401  1
55501  1
55601  1
55701  1
55801  1
55901  1
56001  1
56101  1
56201  1
56301  1
56401  1
56501  1
56601  1
56701  1
56801  1
56901  1
57001  1
57101  1
57201  1
57301  1
57401  1
57501  1
57601  1
57701  1
57801  1
57901  1
58001  1
58101  1
58201  1
58301  1
58401  1
58501  1
58601  1
58701  1
58801  1
58901  1
59001  1
59101  1
59201  1
59301  1
59401  1
59501  1
59601  1
59701  1
59801  1
59901  1
60001  1
60101  1
60201  1
60301  1
60401  1
60501  1
60601  1
60701  1
60801  1
60901  1
61001  1
61101  1
61201  1
61301  1
61401  1
61501  1
61601  1
61701  1
61801  1
61901  1
62001  1
62101  1
62201  1
62301  1
62401  1
62501  1
62601  1
62701  1
62801  1
62901  1
63001  1
63101  1
63201  1
63301  1
63401  1
63501  1
63601  1
63701  1
63801  1
63901  1
64001  1
64101  1
64201  1
64301  1
64401  1
64501  1
64601  1
64701  1
64801  1
64901  1
65001  1
65101  1
65201  1
65301  1
65401  1
65501  1
65601  1
65701  1
65801  1
65901  1
66001  1
66101  1
66201  1
66301  1
66401  1
66501  1
66601  1
66701  1
66801  1
66901  1
67001  1
67101  1
67201  1
67301  1
67401  1
67501  1
67601  1
67701  1
67801  1
67901  0
68001  1
68101  1
68201  1
68301  1
68401  1
68501  1
68601  1
68701  1
68801  1
68901  1
69001  1
69101  1
69201  1
69301  1
69401  1
69501  1
69601  1
69701  1
69801  1
69901  1
70001  1
70101  0
70201  1
70301  1
70401  1
70501  1
70601  1
70701  1
70801  1
70901  1
71001  1
71101  1
71201  1
71301  1
71401  1
71501  1
71601  1
71701  1
71801  1
71901  1
72001  1
72101  1
72201  1
72301  1
72401  1
72501  1
72601  1
72701  1
72801  1
72901  1
73001  1
73101  1
73201  1
73301  1
73401  1
73501  1
73601  1
73701  1
73801  1
73901  1
74001  1
74101  1
74201  1
74301  1
74401  1
74501  1
74601  1
74701  1
74801  1
74901  1
75001  1
75101  1
75201  1
75301  1
75401  1
75501  1
75601  1
75701  1
75801  1
75901  1
76001  1
76101  1
76201  1
76301  1
76401  1
76501  1
76601  1
76701  1
76801  1
76901  1
77001  1
77101  1
77201  1
77301  1
77401  1
77501  1
77601  1
77701  1
77801  1
77901  1
78001  1
78101  1
78201  1
78301  0
78401  1
78501  1
78601  1
78701  1
78801  1
78901  1
79001  1
79101  1
79201  1
79301  1
79401  1
79501  1
79601  1
79701  1
79801  1
79901  1
80001  1
80101  1
80201  1
80301  1
80401  1
80501  1
80601  1
80701  1
80801  1
80901  1
81001  1
81101  1
81201  1
81301  1
81401  1
81501  1
81601  1
81701  1
81801  1
81901  1
82001  1
82101  1
82201  1
82301  1
82401  1
82501  1
82601  1
82701  1
82801  1
82901  1
83001  1
83101  1
83201  1
83301  1
83401  1
83501  1
83601  1
83701  0
83801  1
83901  0
84001  1
84101  1
84201  1
84301  1
84401  1
84501  1
84601  1
84701  1
84801  0
84901  1
85001  1
85101  1
85201  1
85301  1
85401  1
85501  1
85601  1
85701  1
85801  1
85901  1
86001  1
86101  1
86201  1
86301  1
86401  1
86501  1
86601  1
86701  1
86801  1
86901  1
87001  1
87101  1
87201  1
87301  1
87401  1
87501  1
87601  1
87701  1
87801  1
87901  1
88001  1
88101  1
88201  1
88301  1
88401  1
88501  1
88601  1
88701  1
88801  1
88901  1
89001  1
89101  1
89201  1
89301  1
89401  1
89501  1
89601  1
89701  1
89801  1
89901  0
90001  1
90101  1
90201  1
90301  1
90401  1
90501  1
90601  1
90701  1
90801  1
90901  1
91001  0
91101  1
91201  1
91301  1
91401  1
91501  1
91601  1
91701  1
91801  1
91901  1
92001  1
92101  1
92201  1
92301  1
92401  1
92501  1
92601  1
92701  1
92801  1
92901  1
93001  1
93101  1
93201  1
93301  1
93401  1
93501  1
93601  1
93701  1
93801  1
93901  1
94001  1
94101  1
94201  1
94301  1
94401  1
94501  1
94601  1
94701  1
94801  1
94901  1
95001  1
95101  1
95201  1
95301  1
95401  1
95501  1
95601  1
95701  1
95801  1
95901  1
96001  1
96101  1
96201  1
96301  1
96401  1
96501  1
96601  1
96701  1
96801  1
96901  1
97001  1
97101  1
97201  1
97301  1
97401  1
97501  1
97601  1
97701  1
97801  1
97901  1
98001  1
98101  1
98201  1
98301  1
98401  1
98501  1
98601  1
98701  1
98801  1
98901  1
99001  1
99101  1
99201  1
99301  1
99401  1
99501  1
99601  1
99701  1
99801  1
99901  1
100001  1
100101  1
100201  1
100301  1
100401  1
100501  1
100601  1
100701  1
100801  1
100901  1
101001  1
101101  1
101201  1
101301  1
101401  1
101501  1
101601  1
101701  1
101801  1
101901  1
102001  1
102101  1
102201  1
102301  1
102401  1
102501  1
102601  1
102701  1
102801  1
102901  1
103001  1
103101  1
103201  1
103301  1
103401  1
103501  1
103601  1
103701  1
103801  1
103901  1
104001  1
104101  1
104201  1
104301  1
104401  0
104501  1
104601  1
104701  1
104801  1
104901  1
105001  1
105101  1
105201  1
105301  1
105401  1
105501  1
105601  1
105701  1
105801  1
105901  1
106001  1
106101  1
106201  1
106301  1
106401  1
106501  1
106601  1
106701  1
106801  1
106901  1
107001  1
107101  1
107201  1
107301  1
107401  1
107501  1
107601  1
107701  1
107801  1
107901  1
108001  1
108101  1
108201  1
108301  1
108401  1
108501  1
108601  1
108701  1
108801  1
108901  1
109001  1
109101  1
109201  1
109301  1
109401  1
109501  1
109601  1
109701  1
109801  1
109901  1
110001  1
110101  1
110201  1
110301  1
110401  1
110501  1
110601  1
110701  1
110801  1
110901  1
111001  1
111101  1
111201  1
111301  1
111401  1
111501  1
111601  1
111701  1
111801  1
111901  1
112001  1
112101  1
112201  1
112301  1
112401  1
112501  1
112601  1
112701  1
112801  1
112901  1
113001  1
113101  1
113201  1
113301  1
113401  1
113501  1
113601  1
113701  1
113801  1
113901  0
114001  1
114101  1
114201  1
114301  1
114401  1
114501  1
114601  1
114701  1
114801  1
114901  1
115001  1
115101  1
115201  1
115301  1
115401  1
115501  1
115601  1
115701  1
115801  1
115901  1
116001  1
116101  1
116201  1
116301  1
116401  1
116501  0
116601  1
116701  1
116801  1
116901  1
117001  1
117101  1
117201  1
117301  1
117401  1
117501  1
117601  1
117701  1
117801  1
117901  1
118001  1
118101  1
118201  1
118301  1
118401  1
118501  1
118601  1
118701  1
118801  1
118901  1
119001  1
119101  1
119201  1
119301  1
119401  1
119501  1
119601  1
119701  1
119801  1
119901  1
120001  1
120101  1
120201  1
120301  1
120401  1
120501  1
120601  1
120701  1
120801  1
120901  1
121001  1
121101  1
121201  1
121301  0
121401  1
121501  1
121601  1
121701  1
121801  1
121901  1
122001  1
122101  1
122201  1
122301  1
122401  1
122501  1
122601  1
122701  1
122801  1
122901  1
123001  1
123101  1
123201  1
123301  1
123401  1
123501  1
123601  1
123701  1
123801  1
123901  1
124001  1
124101  1
124201  1
124301  1
124401  1
124501  1
124601  1
124701  1
124801  1
124901  1
125001  1
125101  1
125201  1
125301  1
125401  1
125501  1
125601  1
125701  1
125801  1
125901  0
126001  1
126101  1
126201  1
126301  1
126401  1
126501  1
126601  1
126701  1
126801  1
126901  1
127001  1
127101  1
127201  1
127301  1
127401  1
127501  1
127601  1
127701  1
127801  1
127901  1
128001  1
128101  1
128201  1
128301  1
128401  1
128501  1
128601  1
128701  1
128801  1
128901  1
129001  1
129101  1
129201  1
129301  1
129401  1
129501  1
129601  1
129701  1
129801  1
129901  1
130001  1
130101  1
130201  1
130301  1
130401  1
130501  1
130601  1
130701  1
130801  1
130901  1
131001  1
131101  1
131201  1
131301  1
131401  1
131501  1
131601  1
131701  1
131801  1
131901  1
132001  1
132101  1
132201  1
132301  1
132401  1
132501  0
132601  1
132701  1
132801  1
132901  1
133001  1
133101  1
133201  1
133301  1
133401  1
133501  1
133601  1
133701  1
133801  1
133901  1
134001  1
134101  1
134201  1
134301  1
134401  1
134501  1
134601  1
134701  1
134801  1
134901  1
135001  1
135101  1
135201  1
135301  1
135401  1
135501  0
135601  1
135701  1
135801  1
135901  0
136001  1
136101  1
136201  1
136301  1
136401  1
136501  1
136601  0
136701  1
136801  1
136901  1
137001  1
137101  1
137201  1
137301  1
137401  1
137501  1
137601  1
137701  1
137801  1
137901  1
138001  1
138101  1
138201  1
138301  1
138401  1
138501  1
138601  1
138701  1
138801  1
138901  1
139001  1
139101  1
139201  1
139301  1
139401  1
139501  1
139601  1
139701  1
139801  1
139901  1
140001  1
140101  1
140201  1
140301  1
140401  1
140501  1
140601  1
140701  1
140801  1
140901  1
141001  1
141101  1
141201  1
141301  1
141401  1
141501  1
141601  1
141701  1
141801  1
141901  1
142001  1
142101  1
142201  1
142301  1
142401  1
142501  1
142601  1
142701  1
142801  1
142901  1
143001  1
143101  1
143201  1
143301  1
143401  1
143501  1
143601  1
143701  1
143801  1
143901  1
144001  1
144101  1
144201  1
144301  1
144401  1
144501  1
144601  1
144701  1
144801  1
144901  1
145001  1
145101  1
145201  1
145301  1
145401  1
145501  1
145601  1
145701  1
145801  1
145901  1
146001  1
146101  1
146201  0
146301  1
146401  1
146501  1
146601  1
146701  1
146801  1
146901  1
147001  1
147101  1
147201  1
147301  1
147401  1
147501  1
147601  1
147701  1
147801  1
147901  1
148001  1
148101  1
148201  1
148301  1
148401  1
148501  1
148601  1
148701  1
148801  1
148901  1
149001  1
149101  0
149201  1
149301  1
149401  1
149501  1
149601  1
149701  1
149801  1
149901  1
150001  1
150101  1
150201  1
150301  1
150401  1
150501  1
150601  1
150701  1
150801  1
150901  1
151001  1
151101  1
151201  1
151301  1
151401  1
151501  1
151601  1
151701  1
151801  1
151901  1
152001  1
152101  1
152201  1
152301  1
152401  1
152501  1
152601  1
152701  1
152801  1
152901  1
153001  1
153101  1
153201  1
153301  1
153401  1
153501  1
153601  1
153701  1
153801  1
153901  1
154001  1
154101  1
154201  1
154301  1
154401  1
154501  1
154601  1
154701  1
154801  1
154901  1
155001  1
155101  1
155201  1
155301  1
155401  1
155501  1
155601  1
155701  1
155801  1
155901  1
156001  1
156101  1
156201  1
156301  1
156401  1
156501  1
156601  1
156701  1
156801  1
156901  1
157001  1
157101  1
157201  1
157301  1
157401  1
157501  1
157601  1
157701  1
157801  0
157901  1
158001  1
158101  1
158201  1
158301  1
158401  1
158501  1
158601  1
158701  1
158801  1
158901  1
159001  1
159101  1
159201  1
159301  1
159401  1
159501  1
159601  1
159701  1
159801  1
159901  1
160001  1
160101  1
160201  1
160301  1
160401  1
160501  1
160601  1
160701  1
160801  1
160901  1
161001  1
161101  1
161201  1
161301  1
161401  1
161501  1
161601  1
161701  1
161801  1
161901  1
162001  1
162101  1
162201  1
162301  1
162401  0
162501  1
162601  1
162701  1
162801  1
162901  1
163001  1
163101  1
163201  1
163301  1
163401  1
163501  1
163601  1
163701  1
163801  1
163901  1
164001  1
164101  1
164201  1
164301  1
164401  1
164501  1
164601  1
164701  1
164801  1
164901  1
165001  1
165101  1
165201  1
165301  1
165401  1
165501  1
165601  1
165701  1
165801  1
165901  1
166001  1
166101  1
166201  1
166301  1
166401  1
166501  1
166601  1
166701  1
166801  0
166901  1
167001  1
167101  1
167201  0
167301  1
167401  1
167501  1
167601  1
167701  1
167801  1
167901  1
168001  1
168101  1
168201  1
168301  1
168401  1
168501  1
168601  1
168701  1
168801  1
168901  1
169001  1
169101  1
169201  1
169301  1
169401  1
169501  1
169601  1
169701  1
169801  1
169901  1
170001  1
170101  1
170201  1
170301  1
170401  1
170501  1
170601  1
170701  1
170801  1
170901  1
171001  1
171101  1
171201  1
171301  1
171401  1
171501  1
171601  1
171701  1
171801  1
171901  1
172001  1
172101  1
172201  1
172301  1
172401  1
172501  1
172601  1
172701  1
172801  1
172901  1
173001  1
173101  1
173201  1
173301  1
173401  1
173501  1
173601  1
173701  1
173801  1
173901  1
174001  1
174101  1
174201  1
174301  1
174401  1
174501  1
174601  1
174701  1
174801  1
174901  0
175001  1
175101  1
175201  1
175301  1
175401  1
175501  1
175601  1
175701  1
175801  1
175901  1
176001  1
176101  1
176201  1
176301  1
176401  1
176501  1
176601  1
176701  1
176801  1
176901  1
177001  1
177101  1
177201  1
177301  1
177401  0
177501  1
177601  1
177701  1
177801  1
177901  1
178001  1
178101  1
178201  1
178301  1
178401  1
178501  0
178601  1
178701  1
178801  1
178901  1
179001  1
179101  1
179201  1
179301  1
179401  1
179501  1
179601  1
179701  1
179801  1
179901  1
180001  1
180101  1
180201  1
180301  1
180401  1
180501  1
180601  0
180701  1
180801  1
180901  1
181001  1
181101  1
181201  1
181301  1
181401  1
181501  1
181601  1
181701  1
181801  1
181901  1
182001  1
182101  1
182201  1
182301  1
182401  1
182501  1
182601  1
182701  1
182801  1
182901  1
183001  1
183101  1
183201  1
183301  1
183401  1
183501  1
183601  1
183701  1
183801  1
183901  1
184001  1
184101  1
184201  1
184301  1
184401  1
184501  1
184601  1
184701  1
184801  1
184901  1
185001  1
185101  1
185201  1
185301  1
185401  1
185501  1
185601  1
185701  1
185801  1
185901  1
186001  1
186101  1
186201  1
186301  1
186401  1
186501  1
186601  1
186701  1
186801  1
186901  1
187001  1
187101  1
187201  1
187301  1
187401  1
187501  1
187601  1
187701  1
187801  1
187901  1
188001  1
188101  1
188201  1
188301  1
188401  1
188501  1
188601  1
188701  1
188801  1
188901  1
189001  1
189101  1
189201  1
189301  1
189401  1
189501  1
189601  1
189701  1
189801  1
189901  1
190001  1
190101  1
190201  1
190301  1
190401  1
190501  1
190601  1
190701  1
190801  1
190901  1
191001  1
191101  1
191201  1
191301  1
191401  0
191501  1
191601  1
191701  1
191801  1
191901  1
192001  1
192101  1
192201  1
192301  1
192401  1
192501  1
192601  1
192701  1
192801  1
192901  1
193001  1
193101  1
193201  1
193301  1
193401  1
193501  1
193601  1
193701  1
193801  1
193901  1
194001  1
194101  1
194201  1
194301  1
194401  1
194501  1
194601  1
194701  1
194801  1
194901  1
195001  1
195101  1
195201  1
195301  1
195401  1
195501  1
195601  1
195701  1
195801  1
195901  1
196001  1
196101  1
196201  1
196301  1
196401  1
196501  1
196601  1
196701  1
196801  1
196901  1
197001  1
197101  1
197201  1
197301  1
197401  1
197501  1
197601  1
197701  1
197801  1
197901  1
198001  1
198101  1
198201  1
198301  0
198401  1
198501  1
198601  1
198701  1
198801  1
198901  1
199001  1
199101  1
199201  1
199301  1
199401  1
199501  1
199601  1
199701  1
199801  1
199901  1
200001  1
200101  1
200201  1
200301  1
200401  1
200501  1
200601  1
200701  1
200801  1
200901  1
201001  1
201101  1
201201  1
201301  1
201401  1
201501  1
201601  1
201701  1
201801  1
201901  1
202001  1
202101  1
202201  1
202301  1
202401  1
202501  1
202601  1
202701  1
202801  1
202901  1
203001  1
203101  1
203201  1
203301  1
203401  1
203501  1
203601  1
203701  1
203801  1
203901  1
204001  1
204101  1
204201  1
204301  1
204401  1
204501  1
204601  1
204701  1
204801  1
204901  1
205001  1
205101  1
205201  1
205301  1
205401  1
205501  1
205601  1
205701  1
205801  1
205901  1
206001  1
206101  1
206201  1
206301  1
206401  1
206501  1
206601  1
206701  1
206801  1
206901  1
207001  1
207101  1
207201  1
207301  1
207401  1
207501  1
207601  1
207701  1
207801  1
207901  1
208001  1
208101  1
208201  1
208301  1
208401  1
208501  1
208601  1
208701  1
208801  1
208901  1
209001  1
209101  1
209201  1
209301  1
209401  1
209501  1
209601  1
209701  1
209801  1
209901  1
210001  1
210101  1
210201  1
210301  1
210401  1
210501  1
210601  1
210701  1
210801  1
210901  1
211001  1
211101  1
211201  1
211301  1
211401  1
211501  1
211601  1
211701  1
211801  1
211901  1
212001  1
212101  1
212201  1
212301  1
212401  1
212501  1
212601  1
212701  1
212801  1
212901  1
213001  1
213101  1
213201  1
213301  1
213401  1
213501  1
213601  1
213701  1
213801  1
213901  1
214001  1
214101  1
214201  1
214301  1
214401  1
214501  1
214601  1
214701  1
214801  1
214901  1
215001  1
215101  1
215201  1
215301  1
215401  1
215501  1
215601  1
215701  1
215801  1
215901  1
216001  1
216101  1
216201  1
216301  0
216401  1
216501  1
216601  1
216701  1
216801  0
216901  1
217001  1
217101  1
217201  1
217301  1
217401  1
217501  1
217601  1
217701  1
217801  1
217901  0
218001  1
218101  1
218201  1
218301  1
218401  1
218501  1
218601  1
218701  1
218801  0
218901  1
219001  1
219101  1
219201  1
219301  1
219401  1
219501  1
219601  1
219701  1
219801  1
219901  1
220001  1
220101  1
220201  1
220301  1
220401  1
220501  1
220601  1
220701  1
220801  1
220901  1
221001  1
221101  1
221201  1
221301  1
221401  1
221501  1
221601  1
221701  1
221801  1
221901  1
222001  1
222101  1
222201  1
222301  1
222401  1
222501  1
222601  1
222701  1
222801  1
222901  1
223001  1
223101  1
223201  1
223301  1
223401  1
223501  1
223601  1
223701  1
223801  1
223901  1
224001  1
224101  1
224201  1
224301  1
224401  1
224501  1
224601  1
224701  1
224801  1
224901  1
225001  1
225101  1
225201  1
225301  1
225401  1
225501  1
225601  1
225701  1
225801  1
225901  1
226001  1
226101  1
226201  1
226301  1
226401  1
226501  1
226601  0
226701  1
226801  1
226901  1
227001  1
227101  1
227201  1
227301  0
227401  1
227501  1
227601  1
227701  1
227801  1
227901  1
228001  1
228101  1
228201  1
228301  1
228401  1
228501  1
228601  1
228701  1
228801  1
228901  1
229001  1
229101  1
229201  1
229301  1
229401  1
229501  1
229601  1
229701  1
229801  1
229901  1
230001  1
230101  1
230201  1
230301  1
230401  1
230501  1
230601  1
230701  1
230801  1
230901  1
231001  1
231101  1
231201  1
231301  0
231401  1
231501  1
231601  1
231701  1
231801  1
231901  1
232001  1
232101  1
232201  1
232301  1
232401  1
232501  1
232601  1
232701  1
232801  1
232901  1
233001  1
233101  1
233201  1
233301  1
233401  1
233501  1
233601  1
233701  1
233801  1
233901  1
234001  1
234101  1
234201  1
234301  1
234401  1
234501  1
234601  1
234701  1
234801  1
234901  1
235001  1
235101  1
235201  1
235301  1
235401  1
235501  1
235601  1
235701  1
235801  1
235901  1
236001  1
236101  0
236201  1
236301  1
236401  1
236501  1
236601  1
236701  1
236801  1
236901  1
237001  1
237101  1
237201  1
237301  1
237401  1
237501  1
237601  1
237701  1
237801  1
237901  1
238001  1
238101  1
238201  1
238301  1
238401  1
238501  1
238601  1
238701  1
238801  1
238901  1
239001  1
239101  1
239201  1
239301  1
239401  1
239501  1
239601  1
239701  1
239801  1
239901  1
240001  1
240101  1
240201  1
240301  1
240401  1
240501  1
240601  1
240701  1
240801  1
240901  1
241001  1
241101  1
241201  1
241301  1
241401  1
241501  1
241601  1
241701  1
241801  1
241901  1
242001  1
242101  1
242201  1
242301  1
242401  1
242501  1
242601  1
242701  1
242801  1
242901  1
243001  1
243101  1
243201  1
243301  1
243401  1
243501  1
243601  1
243701  1
243801  1
243901  1
244001  1
244101  1
244201  1
244301  1
244401  1
244501  1
244601  1
244701  1
244801  1
244901  1
245001  0
245101  1
245201  0
245301  1
245401  1
245501  1
245601  1
245701  1
245801  0
245901  1
246001  1
246101  1
246201  1
246301  1
246401  1
246501  1
246601  1
246701  1
246801  1
246901  1
247001  1
247101  1
247201  1
247301  1
247401  1
247501  1
247601  1
247701  1
247801  1
247901  1
248001  1
248101  1
248201  1
248301  1
248401  1
248501  1
248601  1
248701  1
248801  1
248901  1
249001  1
249101  1
249201  1
249301  1
249401  1
249501  1
249601  1
249701  1
249801  1
249901  1
250001  1
250101  1
250201  0
250301  1
250401  1
250501  1
250601  1
250701  1
250801  1
250901  1
251001  1
251101  1
251201  1
251301  1
251401  1
251501  1
251601  1
251701  1
251801  1
251901  1
252001  1
252101  1
252201  1
252301  1
252401  1
252501  1
252601  1
252701  1
252801  1
252901  1
253001  1
253101  1
253201  1
253301  1
253401  1
253501  1
253601  1
253701  1
253801  1
253901  1
254001  1
254101  1
254201  1
254301  1
254401  1
254501  1
254601  1
254701  1
254801  1
254901  1
255001  1
255101  1
255201  1
255301  1
255401  1
255501  1
255601  1
255701  1
255801  1
255901  1
256001  1
256101  1
256201  1
256301  1
256401  1
256501  1
256601  1
256701  1
256801  1
256901  1
257001  1
257101  1
257201  1
257301  1
257401  1
257501  1
257601  1
257701  1
257801  1
257901  1
258001  1
258101  1
258201  1
258301  1
258401  1
258501  1
258601  1
258701  1
258801  1
258901  1
259001  1
259101  1
259201  0
259301  1
259401  1
259501  1
259601  1
259701  1
259801  1
259901  1
260001  1
260101  1
260201  1
260301  1
260401  1
260501  1
260601  1
260701  1
260801  1
260901  1
261001  1
261101  1
261201  1
261301  1
261401  1
261501  1
261601  1
261701  1
261801  1
261901  1
262001  1
262101  1
262201  1
262301  1
262401  1
262501  1
262601  1
262701  1
262801  1
262901  1
263001  1
263101  1
263201  1
263301  1
263401  1
263501  1
263601  1
263701  1
263801  1
263901  1
264001  1
264101  1
264201  1
264301  1
264401  1
264501  1
264601  1
264701  1
264801  1
264901  1
265001  1
265101  1
265201  1
265301  1
265401  1
265501  1
265601  1
265701  1
265801  1
265901  1
266001  1
266101  1
266201  1
266301  1
266401  1
266501  1
266601  1
266701  1
266801  1
266901  1
267001  1
267101  1
267201  1
267301  1
267401  0
267501  1
267601  1
267701  1
267801  1
267901  1
268001  1
268101  1
268201  1
268301  1
268401  1
268501  1
268601  1
268701  1
268801  1
268901  1
269001  1
269101  1
269201  1
269301  1
269401  1
269501  1
269601  1
269701  1
269801  1
269901  1
270001  1
270101  1
270201  1
270301  1
270401  1
270501  1
270601  1
270701  1
270801  1
270901  1
271001  1
271101  1
271201  1
271301  1
271401  1
271501  1
271601  1
271701  1
271801  1
271901  1
272001  1
272101  1
272201  1
272301  1
272401  1
272501  1
272601  1
272701  1
272801  1
272901  1
273001  1
273101  1
273201  1
273301  1
273401  1
273501  1
273601  1
273701  1
273801  1
273901  1
274001  1
274101  1
274201  1
274301  1
274401  1
274501  1
274601  1
274701  1
274801  1
274901  1
275001  1
275101  1
275201  1
275301  1
275401  1
275501  1
275601  1
275701  1
275801  1
275901  1
276001  1
276101  1
276201  1
276301  1
276401  1
276501  1
276601  1
276701  1
276801  1
276901  1
277001  1
277101  1
277201  1
277301  1
277401  1
277501  1
277601  1
277701  1
277801  1
277901  1
278001  1
278101  1
278201  1
278301  1
278401  1
278501  1
278601  1
278701  1
278801  1
278901  1
279001  1
279101  1
279201  1
279301  1
279401  1
279501  1
279601  1
279701  1
279801  1
279901  1
280001  1
280101  1
280201  1
280301  1
280401  1
280501  1
280601  1
280701  1
280801  1
280901  1
281001  1
281101  1
281201  1
281301  1
281401  1
281501  1
281601  1
281701  1
281801  1
281901  1
282001  1
282101  1
282201  1
282301  1
282401  1
282501  1
282601  1
282701  1
282801  1
282901  1
283001  1
283101  1
283201  1
283301  1
283401  1
283501  1
283601  1
283701  1
283801  1
283901  1
284001  1
284101  1
284201  1
284301  1
284401  1
284501  1
284601  1
284701  1
284801  1
284901  1
285001  1
285101  1
285201  1
285301  0
285401  1
285501  1
285601  1
285701  1
285801  1
285901  1
286001  1
286101  1
286201  1
286301  1
286401  1
286501  1
286601  1
286701  1
286801  1
286901  1
287001  1
287101  1
287201  1
287301  1
287401  1
287501  1
287601  1
287701  1
287801  1
287901  1
288001  1
288101  1
288201  1
288301  1
288401  1
288501  1
288601  1
288701  1
288801  1
288901  1
289001  1
289101  1
289201  1
289301  1
289401  1
289501  1
289601  1
289701  1
289801  1
289901  1
290001  1
290101  1
290201  1
290301  1
290401  1
290501  1
290601  1
290701  1
290801  1
290901  1
291001  1
291101  1
291201  1
291301  1
291401  1
291501  1
291601  1
291701  1
291801  1
291901  0
292001  1
292101  1
292201  1
292301  1
292401  1
292501  1
292601  1
292701  1
292801  1
292901  1
293001  1
293101  1
293201  1
293301  1
293401  1
293501  1
293601  1
293701  1
293801  1
293901  1
294001  1
294101  1
294201  1
294301  1
294401  1
294501  1
294601  1
294701  1
294801  1
294901  1
295001  1
295101  1
295201  1
295301  1
295401  1
295501  1
295601  1
295701  1
295801  1
295901  1
296001  1
296101  1
296201  1
296301  1
296401  0
296501  1
296601  1
296701  1
296801  1
296901  1
297001  1
297101  1
297201  1
297301  1
297401  1
297501  1
297601  1
297701  1
297801  1
297901  1
298001  1
298101  1
298201  1
298301  1
298401  1
298501  1
298601  1
298701  1
298801  1
298901  1
299001  1
299101  1
299201  1
299301  1
299401  1
299501  1
299601  1
299701  1
299801  1
299901  1
300001  1
300101  1
300201  1
300301  1
300401  1
300501  1
300601  1
300701  1
300801  1
300901  1
301001  1
301101  1
301201  1
301301  1
301401  1
301501  1
301601  1
301701  1
301801  1
301901  1
302001  1
302101  1
302201  1
302301  1
302401  0
302501  1
302601  1
302701  1
302801  1
302901  1
303001  1
303101  1
303201  1
303301  1
303401  1
303501  1
303601  1
303701  1
303801  1
303901  1
304001  1
304101  1
304201  1
304301  1
304401  1
304501  1
304601  1
304701  1
304801  1
304901  1
305001  1
305101  1
305201  1
305301  1
305401  1
305501  1
305601  1
305701  1
305801  1
305901  1
306001  1
306101  1
306201  1
306301  1
306401  1
306501  1
306601  1
306701  1
306801  1
306901  1
307001  1
307101  1
307201  1
307301  1
307401  1
307501  1
307601  1
307701  1
307801  1
307901  1
308001  1
308101  1
308201  1
308301  1
308401  1
308501  1
308601  1
308701  1
308801  1
308901  1
309001  1
309101  1
309201  1
309301  1
309401  1
309501  1
309601  1
309701  1
309801  1
309901  1
310001  1
310101  0
310201  1
310301  1
310401  1
310501  1
310601  1
310701  1
310801  1
310901  1
311001  1
311101  1
311201  1
311301  1
311401  1
311501  1
311601  1
311701  1
311801  1
311901  1
312001  1
312101  1
312201  1
312301  1
312401  1
312501  1
312601  1
312701  1
312801  1
312901  1
313001  1
313101  1
313201  1
313301  1
313401  1
313501  1
313601  1
313701  1
313801  1
313901  1
314001  1
314101  1
314201  1
314301  1
314401  1
314501  1
314601  1
314701  1
314801  1
314901  1
315001  1
315101  1
315201  1
315301  1
315401  1
315501  1
315601  1
315701  1
315801  1
315901  1
316001  1
316101  1
316201  1
316301  1
316401  1
316501  1
316601  1
316701  1
316801  1
316901  1
317001  1
317101  1
317201  1
317301  1
317401  1
317501  1
317601  1
317701  1
317801  0
317901  1
318001  1
318101  1
318201  1
318301  1
318401  1
318501  1
318601  1
318701  1
318801  1
318901  1
319001  1
319101  1
319201  1
319301  1
319401  1
319501  1
319601  1
319701  1
319801  1
319901  1
320001  1
320101  1
320201  1
320301  1
320401  1
320501  1
320601  1
320701  1
320801  1
320901  1
321001  0
321101  1
321201  1
321301  1
321401  1
321501  1
321601  1
321701  1
321801  1
321901  1
322001  1
322101  1
322201  1
322301  1
322401  1
322501  1
322601  1
322701  1
322801  1
322901  1
323001  1
323101  1
323201  1
323301  1
323401  1
323501  1
323601  1
323701  1
323801  1
323901  1
324001  1
324101  1
324201  1
324301  1
324401  1
324501  1
324601  1
324701  1
324801  1
324901  1
325001  1
325101  1
325201  1
325301  1
325401  1
325501  1
325601  1
325701  1
325801  1
325901  1
326001  1
326101  1
326201  1
326301  1
326401  1
326501  1
326601  1
326701  1
326801  1
326901  1
327001  1
327101  1
327201  1
327301  1
327401  1
327501  1
327601  1
327701  1
327801  1
327901  1
328001  1
328101  1
328201  1
328301  1
328401  1
328501  1
328601  1
328701  1
328801  1
328901  1
329001  1
329101  1
329201  1
329301  1
329401  1
329501  1
329601  1
329701  1
329801  1
329901  1
330001  1
330101  1
330201  1
330301  1
330401  1
330501  1
330601  1
330701  1
330801  1
330901  1
331001  1
331101  1
331201  1
331301  1
331401  1
331501  1
331601  1
331701  1
331801  1
331901  1
332001  1
332101  1
332201  1
332301  1
332401  1
332501  1
332601  1
332701  1
332801  1
332901  1
333001  1
333101  1
333201  0
333301  1
333401  1
333501  1
333601  0
333701  1
333801  1
333901  1
334001  1
334101  1
334201  1
334301  1
334401  1
334501  1
334601  1
334701  1
334801  1
334901  1
335001  1
335101  1
335201  1
335301  1
335401  1
335501  1
335601  1
335701  1
335801  1
335901  1
336001  1
336101  1
336201  1
336301  1
336401  1
336501  1
336601  1
336701  1
336801  1
336901  1
337001  1
337101  1
337201  1
337301  1
337401  1
337501  1
337601  1
337701  1
337801  1
337901  1
338001  1
338101  1
338201  1
338301  1
338401  1
338501  1
338601  1
338701  1
338801  1
338901  1
339001  1
339101  1
339201  1
339301  1
339401  1
339501  1
339601  1
339701  1
339801  1
339901  1
340001  1
340101  1
340201  1
340301  1
340401  1
340501  1
340601  1
340701  1
340801  1
340901  1
341001  1
341101  1
341201  1
341301  1
341401  1
341501  1
341601  1
341701  1
341801  1
341901  1
342001  1
342101  1
342201  1
342301  1
342401  1
342501  1
342601  1
342701  1
342801  1
342901  1
343001  1
343101  1
343201  0
343301  1
343401  1
343501  1
343601  1
343701  1
343801  1
343901  1
344001  1
344101  1
344201  1
344301  1
344401  1
344501  1
344601  1
344701  1
344801  1
344901  1
345001  1
345101  1
345201  1
345301  1
345401  1
345501  1
345601  1
345701  1
345801  1
345901  1
346001  1
346101  1
346201  1
346301  0
346401  1
346501  1
346601  1
346701  1
346801  1
346901  1
347001  1
347101  1
347201  1
347301  1
347401  1
347501  0
347601  1
347701  1
347801  1
347901  1
348001  1
348101  1
348201  1
348301  1
348401  1
348501  1
348601  1
348701  1
348801  1
348901  1
349001  1
349101  1
349201  1
349301  1
349401  1
349501  1
349601  1
349701  1
349801  1
349901  1
350001  1
350101  1
350201  1
350301  1
350401  1
350501  1
350601  1
350701  1
350801  1
350901  1
351001  1
351101  1
351201  1
351301  1
351401  1
351501  1
351601  1
351701  1
351801  1
351901  1
352001  1
352101  1
352201  1
352301  1
352401  1
352501  1
352601  1
352701  1
352801  1
352901  1
353001  1
353101  1
353201  1
353301  1
353401  0
353501  1
353601  1
353701  1
353801  1
353901  1
354001  1
354101  1
354201  1
354301  1
354401  1
354501  1
354601  1
354701  1
354801  1
354901  1
355001  1
355101  1
355201  1
355301  1
355401  1
355501  0
355601  1
355701  1
355801  1
355901  1
356001  1
356101  1
356201  1
356301  1
356401  1
356501  1
356601  1
356701  1
356801  1
356901  1
357001  1
357101  1
357201  1
357301  1
357401  0
357501  1
357601  1
357701  1
357801  1
357901  1
358001  1
358101  1
358201  1
358301  1
358401  1
358501  1
358601  1
358701  1
358801  1
358901  1
359001  1
359101  1
359201  1
359301  1
359401  1
359501  1
359601  1
359701  1
359801  1
359901  1
360001  1
360101  1
360201  1
360301  1
360401  1
360501  1
360601  1
360701  1
360801  1
360901  1
361001  1
361101  1
361201  1
361301  1
361401  1
361501  1
361601  1
361701  1
361801  1
361901  1
362001  1
362101  1
362201  1
362301  1
362401  1
362501  1
362601  1
362701  1
362801  1
362901  1
363001  1
363101  1
363201  1
363301  1
363401  1
363501  1
363601  1
363701  1
363801  1
363901  1
364001  1
364101  1
364201  1
364301  1
364401  1
364501  1
364601  1
364701  1
364801  1
364901  1
365001  1
365101  1
365201  1
365301  1
365401  1
365501  1
365601  1
365701  1
365801  1
365901  1
366001  1
366101  1
366201  1
366301  1
366401  1
366501  1
366601  1
366701  1
366801  1
366901  1
367001  1
367101  1
367201  1
367301  1
367401  0
367501  1
367601  1
367701  1
367801  1
367901  1
368001  1
368101  1
368201  1
368301  1
368401  1
368501  1
368601  1
368701  1
368801  1
368901  1
369001  1
369101  1
369201  1
369301  1
369401  1
369501  1
369601  1
369701  1
369801  1
369901  1
370001  1
370101  1
370201  1
370301  1
370401  1
370501  1
370601  1
370701  1
370801  1
370901  1
371001  1
371101  1
371201  1
371301  1
371401  1
371501  1
371601  1
371701  1
371801  1
371901  1
372001  1
372101  1
372201  1
372301  1
372401  1
372501  1
372601  1
372701  1
372801  1
372901  1
373001  1
373101  1
373201  1
373301  1
373401  1
373501  1
373601  1
373701  1
373801  0
373901  1
374001  1
374101  1
374201  1
374301  1
374401  1
374501  1
374601  1
374701  1
374801  1
374901  1
375001  1
375101  1
375201  1
375301  1
375401  1
375501  1
375601  1
375701  1
375801  1
375901  1
376001  1
376101  1
376201  1
376301  1
376401  1
376501  1
376601  1
376701  1
376801  1
376901  1
377001  1
377101  1
377201  1
377301  1
377401  1
377501  1
377601  1
377701  1
377801  1
377901  1
378001  1
378101  1
378201  1
378301  1
378401  1
378501  1
378601  1
378701  1
378801  1
378901  1
379001  1
379101  1
379201  1
379301  1
379401  1
379501  1
379601  1
379701  1
379801  1
379901  1
380001  1
380101  1
380201  1
380301  1
380401  1
380501  1
380601  1
380701  1
380801  1
380901  1
381001  1
381101  1
381201  1
381301  1
381401  1
381501  1
381601  1
381701  1
381801  1
381901  1
382001  1
382101  1
382201  1
382301  1
382401  1
382501  1
382601  1
382701  1
382801  1
382901  1
383001  1
383101  1
383201  1
383301  1
383401  1
383501  1
383601  1
383701  1
383801  1
383901  1
384001  1
384101  1
384201  1
384301  1
384401  1
384501  1
384601  0
384701  1
384801  1
384901  1
385001  1
385101  1
385201  1
385301  1
385401  1
385501  1
385601  1
385701  1
385801  1
385901  1
386001  1
386101  1
386201  1
386301  1
386401  1
386501  1
386601  1
386701  1
386801  1
386901  1
387001  1
387101  1
387201  1
387301  1
387401  1
387501  1
387601  1
387701  1
387801  1
387901  1
388001  1
388101  1
388201  1
388301  1
388401  1
388501  1
388601  1
388701  1
388801  1
388901  1
389001  1
389101  1
389201  1
389301  1
389401  1
389501  1
389601  1
389701  1
389801  1
389901  1
390001  1
390101  1
390201  1
390301  1
390401  1
390501  1
390601  1
390701  1
390801  1
390901  1
391001  1
391101  1
391201  0
391301  1
391401  1
391501  1
391601  1
391701  1
391801  1
391901  1
392001  1
392101  1
392201  1
392301  1
392401  1
392501  1
392601  1
392701  1
392801  1
392901  1
393001  1
393101  1
393201  1
393301  1
393401  1
393501  1
393601  1
393701  1
393801  1
393901  1
394001  1
394101  1
394201  1
394301  1
394401  1
394501  1
394601  1
394701  1
394801  1
394901  1
395001  1
395101  1
395201  1
395301  1
395401  1
395501  1
395601  1
395701  1
395801  1
395901  1
396001  1
396101  1
396201  1
396301  1
396401  1
396501  0
396601  1
396701  1
396801  1
396901  1
397001  1
397101  1
397201  1
397301  1
397401  1
397501  1
397601  1
397701  0
397801  1
397901  0
398001  1
398101  1
398201  1
398301  1
398401  0
398501  1
398601  1
398701  1
398801  1
398901  1
399001  1
399101  1
399201  1
399301  1
399401  1
399501  1
399601  1
399701  0
399801  1
399901  0
400001  1
400101  1
400201  1
400301  1
400401  1
400501  1
400601  1
400701  1
400801  1
400901  1
401001  1
401101  1
401201  1
401301  1
401401  1
401501  1
401601  1
401701  1
401801  1
401901  1
402001  1
402101  1
402201  1
402301  1
402401  1
402501  1
402601  1
402701  1
402801  1
402901  1
403001  1
403101  1
403201  1
403301  1
403401  1
403501  1
403601  1
403701  1
403801  1
403901  1
404001  1
404101  1
404201  1
404301  1
404401  1
404501  1
404601  1
404701  1
404801  1
404901  1
405001  1
405101  1
405201  1
405301  1
405401  1
405501  1
405601  1
405701  1
405801  1
405901  1
406001  1
406101  1
406201  1
406301  1
406401  1
406501  1
406601  1
406701  1
406801  1
406901  1
407001  1
407101  1
407201  1
407301  1
407401  0
407501  1
407601  1
407701  0
407801  1
407901  1
408001  1
408101  1
408201  1
408301  1
408401  1
408501  1
408601  1
408701  1
408801  1
408901  1
409001  1
409101  1
409201  1
409301  1
409401  1
409501  1
409601  1
409701  1
409801  1
409901  1
410001  1
410101  1
410201  1
410301  1
410401  1
410501  1
410601  1
410701  1
410801  1
410901  1
411001  1
411101  1
411201  0
411301  1
411401  1
411501  1
411601  1
411701  1
411801  1
411901  1
412001  1
412101  1
412201  1
412301  1
412401  1
412501  1
412601  1
412701  1
412801  1
412901  1
413001  1
413101  1
413201  1
413301  1
413401  1
413501  1
413601  1
413701  1
413801  1
413901  1
414001  1
414101  1
414201  1
414301  1
414401  1
414501  1
414601  1
414701  1
414801  1
414901  1
415001  1
415101  1
415201  1
415301  1
415401  1
415501  1
415601  1
415701  1
415801  1
415901  1
416001  1
416101  1
416201  1
416301  1
416401  1
416501  1
416601  1
416701  1
416801  1
416901  1
417001  1
417101  1
417201  1
417301  1
417401  0
417501  1
417601  1
417701  1
417801  1
417901  1
418001  1
418101  1
418201  1
418301  1
418401  1
418501  1
418601  1
418701  1
418801  1
418901  1
419001  1
419101  1
419201  1
419301  1
419401  1
419501  1
419601  1
419701  1
419801  1
419901  1
420001  1
420101  1
420201  1
420301  1
420401  1
420501  1
420601  1
420701  0
420801  1
420901  1
421001  1
421101  1
421201  1
421301  1
421401  1
421501  1
421601  1
421701  1
421801  1
421901  1
422001  1
422101  1
422201  1
422301  1
422401  1
422501  1
422601  1
422701  1
422801  1
422901  1
423001  1
423101  1
423201  1
423301  1
423401  1
423501  1
423601  0
423701  1
423801  1
423901  1
424001  1
424101  1
424201  1
424301  1
424401  1
424501  1
424601  1
424701  1
424801  1
424901  1
425001  1
425101  1
425201  1
425301  1
425401  1
425501  1
425601  1
425701  1
425801  1
425901  1
426001  1
426101  1
426201  1
426301  1
426401  1
426501  1
426601  1
426701  1
426801  1
426901  1
427001  1
427101  1
427201  1
427301  1
427401  1
427501  1
427601  1
427701  1
427801  1
427901  1
428001  1
428101  1
428201  1
428301  1
428401  1
428501  1
428601  1
428701  1
428801  1
428901  1
429001  1
429101  1
429201  1
429301  1
429401  1
429501  1
429601  1
429701  1
429801  1
429901  1
430001  1
430101  1
430201  1
430301  1
430401  1
430501  1
430601  1
430701  1
430801  1
430901  1
431001  1
431101  1
431201  1
431301  1
431401  1
431501  1
431601  1
431701  1
431801  1
431901  1
432001  1
432101  1
432201  1
432301  1
432401  1
432501  1
432601  1
432701  1
432801  1
432901  1
433001  1
433101  1
433201  1
433301  1
433401  1
433501  1
433601  1
433701  1
433801  0
433901  1
434001  1
434101  1
434201  1
434301  1
434401  1
434501  1
434601  1
434701  1
434801  1
434901  1
435001  1
435101  1
435201  1
435301  1
435401  1
435501  1
435601  1
435701  1
435801  1
435901  1
436001  1
436101  1
436201  1
436301  1
436401  1
436501  1
436601  1
436701  1
436801  1
436901  1
437001  1
437101  1
437201  1
437301  1
437401  1
437501  1
437601  1
437701  1
437801  1
437901  1
438001  1
438101  1
438201  1
438301  1
438401  1
438501  1
438601  1
438701  1
438801  1
438901  1
439001  1
439101  1
439201  1
439301  1
439401  1
439501  1
439601  1
439701  1
439801  1
439901  1
440001  1
440101  1
440201  1
440301  1
440401  1
440501  1
440601  1
440701  1
440801  1
440901  1
441001  1
441101  1
441201  1
441301  1
441401  1
441501  1
441601  1
441701  1
441801  1
441901  1
442001  1
442101  1
442201  1
442301  1
442401  1
442501  1
442601  1
442701  1
442801  1
442901  1
443001  1
443101  1
443201  1
443301  1
443401  1
443501  1
443601  1
443701  1
443801  1
443901  1
444001  1
444101  1
444201  1
444301  1
444401  1
444501  1
444601  1
444701  1
444801  1
444901  1
445001  1
445101  1
445201  1
445301  1
445401  1
445501  1
445601  1
445701  1
445801  1
445901  1
446001  1
446101  1
446201  1
446301  1
446401  1
446501  1
446601  1
446701  1
446801  1
446901  1
447001  1
447101  1
447201  1
447301  1
447401  1
447501  1
447601  1
447701  1
447801  1
447901  1
448001  1
448101  1
448201  1
448301  1
448401  1
448501  1
448601  1
448701  1
448801  1
448901  1
449001  1
449101  1
449201  1
449301  1
449401  1
449501  1
449601  1
449701  1
449801  1
449901  1
450001  1
450101  1
450201  1
450301  1
450401  1
450501  1
450601  1
450701  1
450801  1
450901  1
451001  1
451101  1
451201  1
451301  1
451401  1
451501  1
451601  1
451701  1
451801  1
451901  1
452001  1
452101  1
452201  1
452301  1
452401  1
452501  1
452601  1
452701  1
452801  1
452901  1
453001  1
453101  0
453201  1
453301  1
453401  1
453501  1
453601  1
453701  1
453801  1
453901  1
454001  1
454101  1
454201  1
454301  1
454401  1
454501  1
454601  1
454701  1
454801  1
454901  1
455001  1
455101  1
455201  1
455301  1
455401  1
455501  1
455601  1
455701  1
455801  1
455901  0
456001  1
456101  1
456201  1
456301  1
456401  1
456501  1
456601  1
456701  1
456801  1
456901  1
457001  1
457101  1
457201  1
457301  1
457401  1
457501  1
457601  1
457701  1
457801  1
457901  1
458001  1
458101  1
458201  1
458301  1
458401  1
458501  1
458601  1
458701  1
458801  1
458901  0
459001  1
459101  1
459201  1
459301  1
459401  1
459501  1
459601  1
459701  1
459801  1
459901  1
460001  1
460101  1
460201  1
460301  1
460401  1
460501  1
460601  1
460701  1
460801  1
460901  1
461001  1
461101  1
461201  1
461301  1
461401  1
461501  1
461601  1
461701  1
461801  1
461901  1
462001  1
462101  1
462201  1
462301  1
462401  1
462501  1
462601  1
462701  1
462801  1
462901  1
463001  1
463101  1
463201  1
463301  1
463401  1
463501  1
463601  1
463701  1
463801  1
463901  1
464001  1
464101  1
464201  1
464301  1
464401  1
464501  1
464601  1
464701  1
464801  1
464901  1
465001  1
465101  1
465201  1
465301  1
465401  1
465501  1
465601  1
465701  1
465801  1
465901  1
466001  1
466101  1
466201  1
466301  1
466401  1
466501  1
466601  1
466701  1
466801  1
466901  1
467001  1
467101  1
467201  1
467301  1
467401  1
467501  1
467601  1
467701  1
467801  1
467901  0
468001  1
468101  1
468201  1
468301  1
468401  1
468501  1
468601  1
468701  1
468801  1
468901  1
469001  1
469101  1
469201  1
469301  1
469401  1
469501  1
469601  1
469701  0
469801  1
469901  1
470001  1
470101  1
470201  1
470301  1
470401  1
470501  1
470601  1
470701  1
470801  1
470901  1
471001  1
471101  1
471201  1
471301  1
471401  1
471501  1
471601  1
471701  1
471801  1
471901  1
472001  1
472101  1
472201  1
472301  1
472401  1
472501  1
472601  1
472701  1
472801  1
472901  1
473001  1
473101  1
473201  1
473301  1
473401  1
473501  1
473601  1
473701  1
473801  1
473901  1
474001  1
474101  1
474201  1
474301  1
474401  1
474501  1
474601  1
474701  1
474801  1
474901  1
475001  1
475101  1
475201  1
475301  1
475401  1
475501  1
475601  1
475701  1
475801  1
475901  1
476001  1
476101  1
476201  1
476301  1
476401  1
476501  1
476601  1
476701  1
476801  1
476901  1
477001  1
477101  1
477201  1
477301  1
477401  1
477501  0
477601  1
477701  1
477801  1
477901  1
478001  1
478101  1
478201  1
478301  1
478401  1
478501  1
478601  1
478701  1
478801  1
478901  1
479001  1
479101  1
479201  1
479301  1
479401  1
479501  1
479601  1
479701  1
479801  1
479901  1
480001  1
480101  1
480201  1
480301  1
480401  1
480501  1
480601  1
480701  1
480801  1
480901  1
481001  1
481101  1
481201  1
481301  1
481401  1
481501  1
481601  1
481701  1
481801  1
481901  1
482001  1
482101  1
482201  1
482301  1
482401  1
482501  1
482601  1
482701  1
482801  0
482901  1
483001  1
483101  1
483201  1
483301  1
483401  1
483501  1
483601  1
483701  1
483801  1
483901  1
484001  1
484101  1
484201  1
484301  1
484401  1
484501  1
484601  1
484701  1
484801  1
484901  1
485001  1
485101  1
485201  1
485301  1
485401  1
485501  1
485601  1
485701  1
485801  1
485901  1
486001  1
486101  1
486201  1
486301  1
486401  1
486501  1
486601  1
486701  1
486801  1
486901  1
487001  1
487101  1
487201  1
487301  1
487401  1
487501  1
487601  1
487701  1
487801  1
487901  1
488001  1
488101  1
488201  1
488301  1
488401  1
488501  1
488601  0
488701  1
488801  1
488901  1
489001  1
489101  1
489201  1
489301  1
489401  1
489501  1
489601  1
489701  1
489801  1
489901  1
490001  1
490101  1
490201  1
490301  1
490401  1
490501  1
490601  1
490701  1
490801  1
490901  1
491001  1
491101  1
491201  1
491301  0
491401  1
491501  1
491601  1
491701  1
491801  1
491901  1
492001  1
492101  1
492201  1
492301  1
492401  1
492501  1
492601  1
492701  1
492801  1
492901  1
493001  1
493101  1
493201  1
493301  1
493401  1
493501  1
493601  1
493701  1
493801  1
493901  1
494001  1
494101  1
494201  1
494301  1
494401  1
494501  0
494601  1
494701  0
494801  1
494901  1
495001  1
495101  1
495201  1
495301  1
495401  1
495501  1
495601  1
495701  1
495801  1
495901  1
496001  1
496101  1
496201  1
496301  1
496401  1
496501  1
496601  1
496701  1
496801  1
496901  1
497001  1
497101  1
497201  1
497301  1
497401  1
497501  1
497601  1
497701  1
497801  1
497901  1
498001  1
498101  1
498201  1
498301  1
498401  1
498501  1
498601  1
498701  1
498801  1
498901  1
499001  1
499101  1
499201  1
499301  1
499401  1
499501  1
499601  1
499701  1
499801  1
499901  1
500001  1
500101  1
500201  1
500301  1
500401  1
500501  1
500601  1
500701  1
500801  1
500901  1
501001  1
501101  1
501201  1
501301  1
501401  1
501501  1
501601  1
501701  1
501801  1
501901  1
502001  1
502101  1
502201  1
502301  1
502401  1
502501  1
502601  1
502701  1
502801  1
502901  1
503001  1
503101  1
503201  1
503301  1
503401  1
503501  1
503601  1
503701  1
503801  1
503901  1
504001  1
504101  1
504201  1
504301  1
504401  1
504501  1
504601  1
504701  1
504801  1
504901  0
505001  1
505101  1
505201  1
505301  1
505401  1
505501  1
505601  1
505701  1
505801  1
505901  1
506001  1
506101  1
506201  1
506301  1
506401  1
506501  1
506601  0
506701  1
506801  1
506901  1
507001  1
507101  1
507201  1
507301  1
507401  1
507501  1
507601  1
507701  1
507801  1
507901  1
508001  1
508101  1
508201  1
508301  1
508401  1
508501  1
508601  1
508701  1
508801  1
508901  1
509001  1
509101  1
509201  1
509301  1
509401  1
509501  1
509601  1
509701  1
509801  1
509901  1
510001  1
510101  1
510201  1
510301  1
510401  1
510501  1
510601  1
510701  1
510801  1
510901  1
511001  1
511101  1
511201  1
511301  1
511401  0
511501  1
511601  1
511701  1
511801  1
511901  1
512001  1
512101  1
512201  1
512301  1
512401  1
512501  1
512601  1
512701  1
512801  1
512901  1
513001  1
513101  1
513201  1
513301  1
513401  1
513501  1
513601  1
513701  1
513801  1
513901  1
514001  1
514101  1
514201  1
514301  1
514401  1
514501  1
514601  1
514701  1
514801  1
514901  1
515001  1
515101  1
515201  1
515301  1
515401  1
515501  1
515601  1
515701  1
515801  1
515901  1
516001  1
516101  1
516201  1
516301  1
516401  1
516501  1
516601  1
516701  1
516801  1
516901  1
517001  1
517101  1
517201  1
517301  1
517401  1
517501  1
517601  1
517701  1
517801  1
517901  1
518001  0
518101  1
518201  1
518301  1
518401  1
518501  1
518601  1
518701  1
518801  1
518901  1
519001  1
519101  1
519201  1
519301  1
519401  1
519501  1
519601  1
519701  1
519801  1
519901  1
520001  1
520101  1
520201  1
520301  1
520401  1
520501  1
520601  1
520701  1
520801  1
520901  1
521001  1
521101  1
521201  1
521301  1
521401  1
521501  1
521601  1
521701  1
521801  1
521901  1
522001  1
522101  1
522201  1
522301  1
522401  1
522501  1
522601  1
522701  1
522801  1
522901  1
523001  1
523101  0
523201  1
523301  1
523401  1
523501  1
523601  1
523701  1
523801  1
523901  1
524001  1
524101  1
524201  1
524301  1
524401  1
524501  1
524601  1
524701  1
524801  1
524901  1
525001  1
525101  1
525201  1
525301  1
525401  1
525501  1
525601  1
525701  1
525801  1
525901  1
526001  1
526101  1
526201  1
526301  1
526401  1
526501  1
526601  1
526701  1
526801  1
526901  1
527001  1
527101  1
527201  1
527301  1
527401  1
527501  1
527601  1
527701  1
527801  1
527901  1
528001  1
528101  1
528201  1
528301  1
528401  1
528501  1
528601  1
528701  1
528801  1
528901  1
529001  1
529101  1
529201  1
529301  1
529401  1
529501  1
529601  1
529701  0
529801  1
529901  1
530001  1
530101  1
530201  1
530301  1
530401  1
530501  1
530601  1
530701  1
530801  1
530901  1
531001  1
531101  1
531201  1
531301  1
531401  1
531501  1
531601  1
531701  1
531801  1
531901  1
532001  1
532101  1
532201  1
532301  1
532401  1
532501  1
532601  1
532701  1
532801  1
532901  1
533001  1
533101  1
533201  1
533301  1
533401  1
533501  1
533601  1
533701  1
533801  1
533901  1
534001  1
534101  1
534201  1
534301  1
534401  1
534501  1
534601  1
534701  1
534801  1
534901  1
535001  1
535101  1
535201  1
535301  1
535401  1
535501  1
535601  1
535701  1
535801  1
535901  1
536001  1
536101  1
536201  1
536301  1
536401  1
536501  1
536601  1
536701  1
536801  1
536901  1
537001  1
537101  1
537201  1
537301  1
537401  1
537501  1
537601  1
537701  1
537801  1
537901  0
538001  1
538101  1
538201  1
538301  1
538401  1
538501  1
538601  1
538701  1
538801  1
538901  1
539001  1
539101  1
539201  1
539301  1
539401  1
539501  1
539601  1
539701  1
539801  1
539901  1
540001  1
540101  1
540201  1
540301  1
540401  1
540501  0
540601  1
540701  1
540801  1
540901  1
541001  1
541101  1
541201  1
541301  1
541401  1
541501  1
541601  1
541701  1
541801  1
541901  1
542001  1
542101  1
542201  1
542301  1
542401  1
542501  1
542601  1
542701  1
542801  1
542901  1
543001  1
543101  1
543201  1
543301  1
543401  1
543501  1
543601  1
543701  1
543801  1
543901  1
544001  1
544101  1
544201  1
544301  1
544401  1
544501  1
544601  1
544701  1
544801  1
544901  1
545001  1
545101  1
545201  1
545301  1
545401  1
545501  1
545601  1
545701  1
545801  1
545901  1
546001  1
546101  1
546201  1
546301  1
546401  1
546501  1
546601  1
546701  1
546801  1
546901  1
547001  1
547101  1
547201  1
547301  1
547401  1
547501  1
547601  1
547701  1
547801  1
547901  1
548001  1
548101  1
548201  1
548301  1
548401  1
548501  1
548601  1
548701  1
548801  1
548901  1
549001  1
549101  1
549201  1
549301  1
549401  1
549501  1
549601  0
549701  1
549801  1
549901  1
550001  1
550101  1
550201  1
550301  1
550401  1
550501  1
550601  1
550701  1
550801  1
550901  1
551001  1
551101  1
551201  1
551301  1
551401  1
551501  1
551601  1
551701  1
551801  1
551901  1
552001  1
552101  1
552201  1
552301  1
552401  1
552501  1
552601  1
552701  1
552801  1
552901  1
553001  1
553101  1
553201  1
553301  1
553401  1
553501  1
553601  1
553701  1
553801  1
553901  1
554001  1
554101  1
554201  1
554301  1
554401  1
554501  1
554601  1
554701  1
554801  1
554901  1
555001  1
555101  1
555201  1
555301  1
555401  1
555501  1
555601  1
555701  1
555801  1
555901  1
556001  1
556101  1
556201  1
556301  1
556401  1
556501  1
556601  1
556701  1
556801  1
556901  1
557001  1
557101  1
557201  1
557301  1
557401  1
557501  1
557601  1
557701  1
557801  1
557901  1
558001  1
558101  1
558201  1
558301  1
558401  1
558501  0
558601  1
558701  1
558801  1
558901  1
559001  1
559101  1
559201  1
559301  0
559401  1
559501  1
559601  1
559701  1
559801  1
559901  1
560001  1
560101  1
560201  1
560301  1
560401  1
560501  1
560601  1
560701  1
560801  1
560901  1
561001  1
561101  1
561201  1
561301  1
561401  1
561501  1
561601  1
561701  1
561801  1
561901  1
562001  1
562101  1
562201  1
562301  1
562401  1
562501  1
562601  1
562701  1
562801  1
562901  1
563001  1
563101  1
563201  1
563301  1
563401  1
563501  1
563601  1
563701  1
563801  1
563901  1
564001  1
564101  1
564201  1
564301  1
564401  1
564501  1
564601  1
564701  1
564801  1
564901  0
565001  1
565101  1
565201  1
565301  1
565401  1
565501  1
565601  1
565701  1
565801  1
565901  1
566001  1
566101  1
566201  1
566301  1
566401  1
566501  1
566601  1
566701  1
566801  1
566901  1
567001  1
567101  1
567201  1
567301  1
567401  1
567501  1
567601  1
567701  1
567801  1
567901  1
568001  1
568101  1
568201  1
568301  1
568401  1
568501  1
568601  1
568701  1
568801  1
568901  1
569001  1
569101  1
569201  1
569301  1
569401  1
569501  1
569601  1
569701  1
569801  1
569901  1
570001  1
570101  1
570201  1
570301  1
570401  1
570501  1
570601  1
570701  1
570801  1
570901  1
571001  1
571101  1
571201  1
571301  1
571401  1
571501  1
571601  1
571701  1
571801  1
571901  1
572001  1
572101  0
572201  1
572301  1
572401  1
572501  1
572601  1
572701  1
572801  1
572901  1
573001  1
573101  1
573201  1
573301  1
573401  1
573501  1
573601  1
573701  1
573801  1
573901  1
574001  1
574101  1
574201  1
574301  1
574401  1
574501  1
574601  1
574701  1
574801  1
574901  1
575001  1
575101  1
575201  1
575301  1
575401  1
575501  1
575601  1
575701  1
575801  1
575901  1
576001  1
576101  1
576201  1
576301  1
576401  1
576501  1
576601  1
576701  1
576801  1
576901  1
577001  1
577101  1
577201  1
577301  1
577401  1
577501  1
577601  1
577701  1
577801  1
577901  1
578001  1
578101  1
578201  1
578301  1
578401  1
578501  1
578601  1
578701  1
578801  1
578901  1
579001  1
579101  1
579201  1
579301  1
579401  1
579501  1
579601  1
579701  1
579801  1
579901  1
580001  1
580101  1
580201  1
580301  1
580401  1
580501  1
580601  1
580701  1
580801  1
580901  1
581001  1
581101  1
581201  1
581301  1
581401  1
581501  1
581601  1
581701  1
581801  1
581901  1
582001  1
582101  1
582201  1
582301  1
582401  1
582501  1
582601  1
582701  1
582801  1
582901  1
583001  1
583101  1
583201  1
583301  1
583401  1
583501  1
583601  1
583701  1
583801  1
583901  1
584001  1
584101  1
584201  1
584301  1
584401  1
584501  1
584601  1
584701  1
584801  1
584901  1
585001  1
585101  1
585201  1
585301  1
585401  1
585501  1
585601  1
585701  1
585801  0
585901  1
586001  1
586101  1
586201  1
586301  1
586401  1
586501  1
586601  1
586701  1
586801  1
586901  1
587001  1
587101  1
587201  1
587301  1
587401  1
587501  1
587601  1
587701  1
587801  1
587901  1
588001  1
588101  1
588201  1
588301  1
588401  1
588501  1
588601  1
588701  1
588801  1
588901  1
589001  1
589101  1
589201  1
589301  1
589401  1
589501  1
589601  1
589701  1
589801  1
589901  1
590001  1
590101  1
590201  1
590301  1
590401  1
590501  1
590601  1
590701  1
590801  1
590901  1
591001  1
591101  1
591201  1
591301  1
591401  1
591501  1
591601  1
591701  1
591801  1
591901  1
592001  1
592101  1
592201  1
592301  1
592401  1
592501  1
592601  1
592701  1
592801  1
592901  1
593001  1
593101  1
593201  1
593301  1
593401  1
593501  1
593601  1
593701  1
593801  1
593901  1
594001  1
594101  1
594201  1
594301  1
594401  1
594501  1
594601  1
594701  1
594801  1
594901  1
595001  1
595101  1
595201  1
595301  1
595401  1
595501  1
595601  1
595701  1
595801  1
595901  1
596001  1
596101  1
596201  1
596301  1
596401  1
596501  1
596601  1
596701  1
596801  1
596901  1
597001  1
597101  1
597201  1
597301  1
597401  1
597501  1
597601  1
597701  1
597801  1
597901  1
598001  1
598101  1
598201  1
598301  1
598401  1
598501  1
598601  1
598701  1
598801  1
598901  1
599001  1
599101  1
599201  1
599301  1
599401  1
599501  1
599601  1
599701  1
599801  1
599901  1
600001  1
600101  1
600201  1
600301  1
600401  1
600501  1
600601  1
600701  1
600801  1
600901  1
601001  1
601101  1
601201  1
601301  1
601401  1
601501  1
601601  1
601701  1
601801  1
601901  1
602001  1
602101  1
602201  1
602301  1
602401  1
602501  1
602601  1
602701  1
602801  1
602901  1
603001  1
603101  1
603201  1
603301  1
603401  1
603501  1
603601  1
603701  1
603801  1
603901  1
604001  1
604101  1
604201  1
604301  1
604401  1
604501  1
604601  1
604701  1
604801  1
604901  1
605001  1
605101  1
605201  1
605301  1
605401  1
605501  1
605601  1
605701  1
605801  1
605901  1
606001  1
606101  1
606201  1
606301  1
606401  1
606501  1
606601  1
606701  1
606801  1
606901  1
607001  1
607101  1
607201  1
607301  1
607401  1
607501  1
607601  1
607701  1
607801  1
607901  1
608001  1
608101  1
608201  1
608301  1
608401  1
608501  1
608601  1
608701  1
608801  1
608901  1
609001  1
609101  1
609201  1
609301  1
609401  1
609501  1
609601  1
609701  1
609801  1
609901  1
610001  1
610101  1
610201  1
610301  1
610401  1
610501  1
610601  1
610701  1
610801  1
610901  1
611001  1
611101  1
611201  1
611301  1
611401  1
611501  1
611601  1
611701  1
611801  1
611901  1
612001  1
612101  1
612201  1
612301  1
612401  1
612501  1
612601  1
612701  1
612801  1
612901  1
613001  1
613101  1
613201  1
613301  1
613401  1
613501  1
613601  1
613701  1
613801  1
613901  1
614001  1
614101  1
614201  1
614301  1
614401  1
614501  1
614601  1
614701  1
614801  1
614901  1
615001  1
615101  1
615201  1
615301  1
615401  1
615501  1
615601  1
615701  1
615801  1
615901  1
616001  1
616101  1
616201  1
616301  1
616401  1
616501  1
616601  0
616701  1
616801  1
616901  1
617001  1
617101  1
617201  1
617301  1
617401  1
617501  1
617601  1
617701  1
617801  1
617901  1
618001  1
618101  1
618201  0
618301  1
618401  1
618501  1
618601  1
618701  1
618801  1
618901  1
619001  1
619101  1
619201  1
619301  1
619401  1
619501  1
619601  1
619701  1
619801  1
619901  1
620001  1
620101  1
620201  1
620301  1
620401  1
620501  1
620601  1
620701  1
620801  1
620901  1
621001  1
621101  1
621201  1
621301  1
621401  1
621501  1
621601  1
621701  1
621801  1
621901  1
622001  1
622101  1
622201  1
622301  1
622401  1
622501  1
622601  1
622701  1
622801  1
622901  1
623001  1
623101  1
623201  1
623301  1
623401  1
623501  1
623601  1
623701  1
623801  1
623901  1
624001  1
624101  1
624201  1
624301  1
624401  1
624501  1
624601  1
624701  1
624801  1
624901  1
625001  1
625101  1
625201  1
625301  1
625401  1
625501  1
625601  1
625701  1
625801  1
625901  1
626001  1
626101  1
626201  1
626301  1
626401  1
626501  1
626601  1
626701  1
626801  1
626901  1
627001  1
627101  1
627201  1
627301  1
627401  0
627501  1
627601  1
627701  1
627801  1
627901  1
628001  1
628101  1
628201  1
628301  1
628401  0
628501  1
628601  1
628701  1
628801  1
628901  1
629001  1
629101  1
629201  1
629301  1
629401  1
629501  1
629601  1
629701  1
629801  1
629901  1
630001  1
630101  1
630201  1
630301  1
630401  1
630501  1
630601  1
630701  1
630801  1
630901  1
631001  1
631101  1
631201  1
631301  1
631401  1
631501  1
631601  1
631701  1
631801  1
631901  1
632001  1
632101  1
632201  1
632301  1
632401  1
632501  1
632601  1
632701  1
632801  1
632901  1
633001  1
633101  1
633201  1
633301  1
633401  1
633501  1
633601  1
633701  1
633801  1
633901  1
634001  1
634101  1
634201  1
634301  1
634401  1
634501  1
634601  1
634701  1
634801  1
634901  1
635001  1
635101  1
635201  1
635301  1
635401  1
635501  1
635601  1
635701  1
635801  1
635901  1
636001  1
636101  1
636201  1
636301  1
636401  1
636501  1
636601  1
636701  1
636801  1
636901  1
637001  1
637101  1
637201  1
637301  1
637401  1
637501  1
637601  1
637701  1
637801  1
637901  1
638001  1
638101  1
638201  1
638301  1
638401  1
638501  1
638601  1
638701  1
638801  1
638901  1
639001  1
639101  1
639201  1
639301  0
639401  1
639501  1
639601  1
639701  1
639801  1
639901  1
640001  1
640101  1
640201  1
640301  1
640401  1
640501  1
640601  1
640701  1
640801  1
640901  1
641001  1
641101  1
641201  1
641301  1
641401  1
641501  1
641601  1
641701  1
641801  1
641901  1
642001  1
642101  1
642201  1
642301  0
642401  1
642501  1
642601  1
642701  1
642801  1
642901  0
643001  1
643101  1
643201  1
643301  1
643401  1
643501  1
643601  1
643701  1
643801  1
643901  1
644001  1
644101  1
644201  1
644301  1
644401  1
644501  1
644601  1
644701  1
644801  1
644901  1
645001  1
645101  1
645201  1
645301  1
645401  1
645501  1
645601  1
645701  1
645801  1
645901  1
646001  1
646101  1
646201  1
646301  1
646401  1
646501  1
646601  1
646701  1
646801  1
646901  1
647001  1
647101  1
647201  1
647301  1
647401  1
647501  1
647601  1
647701  1
647801  1
647901  1
648001  1
648101  1
648201  1
648301  1
648401  1
648501  1
648601  1
648701  1
648801  1
648901  1
649001  0
649101  1
649201  1
649301  0
649401  1
649501  1
649601  1
649701  1
649801  1
649901  1
650001  1
650101  1
650201  1
650301  1
650401  1
650501  1
650601  1
650701  1
650801  1
650901  1
651001  1
651101  1
651201  1
651301  1
651401  1
651501  1
651601  1
651701  1
651801  1
651901  0
652001  1
652101  1
652201  1
652301  1
652401  1
652501  1
652601  1
652701  1
652801  1
652901  1
653001  1
653101  1
653201  1
653301  1
653401  1
653501  1
653601  1
653701  1
653801  1
653901  1
654001  1
654101  1
654201  1
654301  1
654401  1
654501  1
654601  1
654701  1
654801  1
654901  1
655001  1
655101  1
655201  1
655301  1
655401  1
655501  1
655601  1
655701  1
655801  1
655901  1
656001  1
656101  1
656201  1
656301  1
656401  1
656501  1
656601  1
656701  1
656801  1
656901  1
657001  1
657101  1
657201  1
657301  1
657401  1
657501  1
657601  1
657701  1
657801  1
657901  1
658001  1
658101  1
658201  1
658301  1
658401  1
658501  1
658601  1
658701  1
658801  1
658901  1
659001  1
659101  1
659201  1
659301  1
659401  1
659501  1
659601  1
659701  1
659801  1
659901  1
660001  1
660101  1
660201  1
660301  1
660401  1
660501  1
660601  1
660701  1
660801  1
660901  1
661001  1
661101  1
661201  1
661301  1
661401  1
661501  1
661601  0
661701  1
661801  1
661901  1
662001  1
662101  1
662201  1
662301  1
662401  1
662501  1
662601  1
662701  1
662801  1
662901  1
663001  1
663101  1
663201  1
663301  1
663401  1
663501  1
663601  1
663701  1
663801  1
663901  1
664001  1
664101  1
664201  1
664301  1
664401  1
664501  1
664601  1
664701  1
664801  1
664901  1
665001  0
665101  1
665201  1
665301  1
665401  1
665501  1
665601  1
665701  1
665801  1
665901  1
666001  1
666101  1
666201  1
666301  1
666401  1
666501  1
666601  1
666701  0
666801  1
666901  1
667001  1
667101  1
667201  1
667301  1
667401  1
667501  1
667601  1
667701  1
667801  1
667901  1
668001  1
668101  1
668201  1
668301  1
668401  1
668501  1
668601  1
668701  1
668801  1
668901  1
669001  1
669101  1
669201  1
669301  1
669401  1
669501  1
669601  1
669701  1
669801  1
669901  1
670001  1
670101  1
670201  1
670301  1
670401  1
670501  1
670601  1
670701  1
670801  1
670901  1
671001  1
671101  1
671201  1
671301  1
671401  0
671501  1
671601  1
671701  1
671801  1
671901  1
672001  1
672101  1
672201  1
672301  1
672401  1
672501  0
672601  1
672701  1
672801  1
672901  1
673001  1
673101  1
673201  0
673301  1
673401  1
673501  1
673601  1
673701  1
673801  1
673901  1
674001  1
674101  1
674201  1
674301  1
674401  1
674501  1
674601  1
674701  1
674801  1
674901  1
675001  1
675101  1
675201  1
675301  1
675401  1
675501  1
675601  1
675701  1
675801  1
675901  1
676001  1
676101  1
676201  1
676301  1
676401  1
676501  1
676601  1
676701  1
676801  1
676901  1
677001  1
677101  1
677201  1
677301  1
677401  1
677501  1
677601  1
677701  1
677801  1
677901  1
678001  1
678101  1
678201  1
678301  1
678401  1
678501  1
678601  1
678701  1
678801  1
678901  1
679001  1
679101  1
679201  1
679301  1
679401  0
679501  1
679601  1
679701  1
679801  1
679901  1
680001  1
680101  1
680201  1
680301  1
680401  1
680501  1
680601  1
680701  1
680801  1
680901  1
681001  1
681101  1
681201  1
681301  1
681401  1
681501  1
681601  1
681701  1
681801  1
681901  1
682001  1
682101  1
682201  1
682301  1
682401  1
682501  1
682601  1
682701  1
682801  1
682901  1
683001  1
683101  1
683201  1
683301  1
683401  1
683501  1
683601  1
683701  1
683801  1
683901  1
684001  1
684101  1
684201  1
684301  1
684401  1
684501  1
684601  1
684701  1
684801  1
684901  1
685001  1
685101  1
685201  1
685301  1
685401  1
685501  1
685601  1
685701  1
685801  1
685901  1
686001  1
686101  1
686201  1
686301  1
686401  1
686501  1
686601  1
686701  1
686801  1
686901  1
687001  1
687101  1
687201  1
687301  1
687401  1
687501  1
687601  1
687701  1
687801  1
687901  1
688001  1
688101  1
688201  1
688301  1
688401  1
688501  1
688601  1
688701  1
688801  1
688901  1
689001  1
689101  1
689201  1
689301  1
689401  1
689501  1
689601  1
689701  1
689801  1
689901  1
690001  1
690101  1
690201  1
690301  1
690401  1
690501  1
690601  1
690701  1
690801  1
690901  0
691001  1
691101  1
691201  1
691301  1
691401  1
691501  1
691601  1
691701  1
691801  1
691901  1
692001  1
692101  1
692201  1
692301  1
692401  0
692501  0
692601  1
692701  1
692801  1
692901  1
693001  1
693101  1
693201  1
693301  1
693401  1
693501  1
693601  1
693701  1
693801  1
693901  1
694001  1
694101  1
694201  1
694301  1
694401  1
694501  1
694601  1
694701  1
694801  1
694901  0
695001  1
695101  1
695201  1
695301  1
695401  1
695501  1
695601  1
695701  1
695801  1
695901  0
696001  1
696101  1
696201  1
696301  1
696401  1
696501  1
696601  1
696701  1
696801  1
696901  1
697001  1
697101  1
697201  1
697301  1
697401  1
697501  1
697601  1
697701  1
697801  1
697901  1
698001  1
698101  1
698201  1
698301  1
698401  1
698501  1
698601  1
698701  1
698801  1
698901  1
699001  1
699101  1
699201  1
699301  1
699401  0
699501  1
699601  1
699701  1
699801  1
699901  1
700001  1
700101  1
700201  1
700301  1
700401  1
700501  1
700601  1
700701  1
700801  1
700901  1
701001  1
701101  1
701201  1
701301  1
701401  1
701501  1
701601  1
701701  1
701801  1
701901  1
702001  1
702101  1
702201  1
702301  1
702401  1
702501  1
702601  1
702701  1
702801  1
702901  1
703001  1
703101  1
703201  1
703301  1
703401  1
703501  1
703601  1
703701  1
703801  1
703901  1
704001  1
704101  1
704201  1
704301  1
704401  1
704501  0
704601  1
704701  1
704801  1
704901  1
705001  1
705101  1
705201  1
705301  1
705401  1
705501  1
705601  1
705701  1
705801  1
705901  1
706001  1
706101  1
706201  1
706301  1
706401  1
706501  1
706601  1
706701  1
706801  1
706901  1
707001  1
707101  1
707201  1
707301  1
707401  1
707501  1
707601  1
707701  1
707801  1
707901  1
708001  1
708101  1
708201  1
708301  1
708401  1
708501  1
708601  0
708701  1
708801  1
708901  1
709001  1
709101  0
709201  1
709301  1
709401  1
709501  1
709601  1
709701  1
709801  1
709901  1
710001  1
710101  1
710201  1
710301  1
710401  1
710501  1
710601  1
710701  1
710801  1
710901  1
711001  1
711101  1
711201  1
711301  1
711401  1
711501  1
711601  1
711701  1
711801  1
711901  1
712001  1
712101  1
712201  1
712301  1
712401  1
712501  1
712601  1
712701  1
712801  1
712901  1
713001  1
713101  1
713201  1
713301  1
713401  1
713501  1
713601  1
713701  1
713801  1
713901  0
714001  1
714101  1
714201  0
714301  1
714401  1
714501  1
714601  1
714701  1
714801  1
714901  1
715001  1
715101  1
715201  1
715301  1
715401  1
715501  1
715601  1
715701  1
715801  1
715901  1
716001  1
716101  1
716201  1
716301  1
716401  1
716501  1
716601  1
716701  1
716801  1
716901  1
717001  1
717101  1
717201  1
717301  0
717401  1
717501  1
717601  1
717701  1
717801  1
717901  1
718001  1
718101  1
718201  1
718301  1
718401  1
718501  1
718601  1
718701  1
718801  1
718901  1
719001  1
719101  1
719201  1
719301  1
719401  1
719501  1
719601  1
719701  1
719801  1
719901  1
720001  1
720101  1
720201  1
720301  1
720401  1
720501  1
720601  1
720701  1
720801  1
720901  1
721001  1
721101  1
721201  1
721301  1
721401  1
721501  1
721601  1
721701  1
721801  1
721901  1
722001  1
722101  1
722201  1
722301  1
722401  0
722501  1
722601  1
722701  1
722801  1
722901  1
723001  1
723101  1
723201  1
723301  1
723401  1
723501  1
723601  1
723701  1
723801  1
723901  1
724001  1
724101  1
724201  1
724301  1
724401  1
724501  1
724601  1
724701  1
724801  1
724901  1
725001  1
725101  1
725201  1
725301  1
725401  1
725501  1
725601  1
725701  1
725801  1
725901  1
726001  1
726101  1
726201  1
726301  1
726401  1
726501  1
726601  1
726701  1
726801  1
726901  1
727001  1
727101  1
727201  1
727301  1
727401  1
727501  1
727601  1
727701  1
727801  1
727901  1
728001  1
728101  1
728201  1
728301  1
728401  1
728501  1
728601  1
728701  1
728801  1
728901  1
729001  1
729101  1
729201  1
729301  1
729401  1
729501  1
729601  1
729701  1
729801  1
729901  1
730001  1
730101  1
730201  1
730301  1
730401  1
730501  1
730601  1
730701  1
730801  1
730901  1
731001  1
731101  1
731201  0
731301  1
731401  1
731501  1
731601  1
731701  1
731801  1
731901  1
732001  1
732101  1
732201  1
732301  1
732401  1
732501  1
732601  1
732701  1
732801  1
732901  1
733001  1
733101  1
733201  1
733301  1
733401  1
733501  1
733601  1
733701  1
733801  1
733901  1
734001  1
734101  1
734201  1
734301  1
734401  1
734501  1
734601  1
734701  1
734801  1
734901  1
735001  0
735101  0
735201  1
735301  1
735401  1
735501  1
735601  1
735701  1
735801  1
735901  1
736001  1
736101  1
736201  1
736301  1
736401  1
736501  1
736601  1
736701  1
736801  1
736901  1
737001  0
737101  1
737201  1
737301  1
737401  1
737501  1
737601  1
737701  1
737801  1
737901  1
738001  1
738101  1
738201  1
738301  1
738401  1
738501  1
738601  1
738701  1
738801  1
738901  1
739001  1
739101  1
739201  1
739301  1
739401  1
739501  1
739601  1
739701  1
739801  1
739901  1
740001  1
740101  1
740201  1
740301  1
740401  1
740501  1
740601  1
740701  1
740801  1
740901  1
741001  1
741101  1
741201  1
741301  1
741401  1
741501  1
741601  1
741701  1
741801  1
741901  1
742001  1
742101  1
742201  1
742301  1
742401  1
742501  1
742601  1
742701  1
742801  1
742901  1
743001  1
743101  1
743201  1
743301  1
743401  1
743501  1
743601  1
743701  1
743801  1
743901  1
744001  1
744101  1
744201  1
744301  1
744401  1
744501  1
744601  1
744701  1
744801  1
744901  1
745001  1
745101  0
745201  1
745301  1
745401  1
745501  1
745601  1
745701  1
745801  1
745901  1
746001  1
746101  1
746201  1
746301  1
746401  1
746501  1
746601  1
746701  1
746801  1
746901  1
747001  1
747101  1
747201  1
747301  1
747401  1
747501  1
747601  1
747701  1
747801  1
747901  1
748001  1
748101  1
748201  1
748301  1
748401  1
748501  1
748601  1
748701  1
748801  1
748901  1
749001  1
749101  1
749201  1
749301  1
749401  1
749501  1
749601  1
749701  1
749801  1
749901  1
750001  1
750101  1
750201  1
750301  1
750401  1
750501  1
750601  1
750701  1
750801  1
750901  1
751001  1
751101  1
751201  1
751301  1
751401  1
751501  1
751601  1
751701  1
751801  1
751901  1
752001  1
752101  1
752201  1
752301  1
752401  1
752501  1
752601  1
752701  1
752801  1
752901  1
753001  1
753101  1
753201  1
753301  1
753401  1
753501  1
753601  1
753701  1
753801  1
753901  1
754001  1
754101  1
754201  1
754301  1
754401  1
754501  1
754601  1
754701  1
754801  1
754901  1
755001  1
755101  1
755201  1
755301  1
755401  1
755501  1
755601  1
755701  1
755801  1
755901  1
756001  1
756101  1
756201  1
756301  0
756401  1
756501  1
756601  1
756701  1
756801  1
756901  1
757001  1
757101  1
757201  1
757301  1
757401  1
757501  1
757601  1
757701  1
757801  1
757901  1
758001  1
758101  1
758201  1
758301  1
758401  1
758501  1
758601  1
758701  1
758801  1
758901  1
759001  1
759101  1
759201  1
759301  1
759401  1
759501  1
759601  1
759701  1
759801  1
759901  1
760001  1
760101  1
760201  1
760301  1
760401  1
760501  1
760601  1
760701  1
760801  1
760901  1
761001  1
761101  1
761201  1
761301  1
761401  1
761501  1
761601  1
761701  1
761801  1
761901  1
762001  1
762101  1
762201  1
762301  1
762401  1
762501  1
762601  1
762701  1
762801  1
762901  1
763001  1
763101  1
763201  1
763301  1
763401  1
763501  1
763601  1
763701  1
763801  1
763901  1
764001  1
764101  1
764201  1
764301  1
764401  1
764501  1
764601  1
764701  1
764801  1
764901  1
765001  1
765101  1
765201  1
765301  1
765401  1
765501  1
765601  1
765701  1
765801  1
765901  1
766001  1
766101  1
766201  1
766301  1
766401  1
766501  1
766601  1
766701  1
766801  1
766901  1
767001  1
767101  1
767201  1
767301  1
767401  1
767501  1
767601  1
767701  1
767801  1
767901  1
768001  1
768101  1
768201  1
768301  1
768401  1
768501  1
768601  1
768701  0
768801  1
768901  1
769001  1
769101  1
769201  1
769301  1
769401  1
769501  1
769601  1
769701  1
769801  1
769901  1
770001  1
770101  1
770201  1
770301  1
770401  1
770501  1
770601  1
770701  1
770801  1
770901  1
771001  1
771101  1
771201  1
771301  1
771401  1
771501  1
771601  1
771701  0
771801  1
771901  1
772001  1
772101  1
772201  1
772301  1
772401  1
772501  1
772601  1
772701  0
772801  1
772901  1
773001  1
773101  1
773201  1
773301  1
773401  1
773501  1
773601  1
773701  1
773801  1
773901  1
774001  1
774101  1
774201  1
774301  1
774401  1
774501  1
774601  1
774701  1
774801  1
774901  1
775001  1
775101  1
775201  1
775301  1
775401  1
775501  1
775601  1
775701  1
775801  1
775901  1
776001  1
776101  1
776201  1
776301  1
776401  1
776501  1
776601  1
776701  1
776801  1
776901  1
777001  1
777101  1
777201  1
777301  1
777401  1
777501  1
777601  1
777701  1
777801  1
777901  1
778001  1
778101  1
778201  1
778301  1
778401  1
778501  1
778601  1
778701  1
778801  1
778901  1
779001  1
779101  1
779201  1
779301  0
779401  1
779501  1
779601  1
779701  1
779801  1
779901  1
780001  1
780101  1
780201  1
780301  1
780401  1
780501  1
780601  1
780701  1
780801  1
780901  1
781001  1
781101  1
781201  1
781301  1
781401  1
781501  1
781601  1
781701  1
781801  1
781901  1
782001  1
782101  1
782201  1
782301  1
782401  1
782501  1
782601  1
782701  1
782801  1
782901  1
783001  1
783101  1
783201  1
783301  1
783401  1
783501  1
783601  1
783701  0
783801  1
783901  1
784001  1
784101  1
784201  1
784301  1
784401  1
784501  1
784601  1
784701  1
784801  1
784901  1
785001  1
785101  1
785201  1
785301  1
785401  1
785501  1
785601  1
785701  1
785801  1
785901  1
786001  1
786101  1
786201  1
786301  1
786401  1
786501  1
786601  1
786701  1
786801  1
786901  1
787001  1
787101  1
787201  1
787301  0
787401  1
787501  1
787601  1
787701  1
787801  1
787901  1
788001  1
788101  1
788201  1
788301  1
788401  1
788501  1
788601  1
788701  1
788801  1
788901  1
789001  1
789101  1
789201  1
789301  1
789401  1
789501  1
789601  1
789701  1
789801  1
789901  1
790001  1
790101  1
790201  1
790301  1
790401  1
790501  1
790601  1
790701  1
790801  1
790901  1
791001  1
791101  1
791201  1
791301  1
791401  1
791501  1
791601  1
791701  1
791801  1
791901  1
792001  1
792101  1
792201  1
792301  1
792401  1
792501  1
792601  1
792701  1
792801  1
792901  1
793001  1
793101  1
793201  1
793301  1
793401  1
793501  1
793601  1
793701  1
793801  1
793901  1
794001  1
794101  1
794201  1
794301  1
794401  1
794501  1
794601  1
794701  1
794801  1
794901  1
795001  1
795101  1
795201  1
795301  1
795401  1
795501  1
795601  1
795701  1
795801  1
795901  1
796001  1
796101  1
796201  1
796301  1
796401  1
796501  1
796601  1
796701  1
796801  1
796901  1
797001  1
797101  1
797201  1
797301  1
797401  1
797501  1
797601  1
797701  1
797801  1
797901  1
798001  0
798101  1
798201  1
798301  1
798401  1
798501  1
798601  1
798701  1
798801  1
798901  1
799001  1
799101  1
799201  1
799301  1
799401  1
799501  1
799601  1
799701  0
799801  1
799901  1
800001  1
800101  1
800201  1
800301  1
800401  1
800501  1
800601  1
800701  1
800801  1
800901  1
801001  1
801101  1
801201  1
801301  1
801401  1
801501  1
801601  1
801701  1
801801  1
801901  1
802001  1
802101  1
802201  1
802301  1
802401  1
802501  1
802601  1
802701  1
802801  1
802901  1
803001  1
803101  1
803201  1
803301  1
803401  1
803501  1
803601  1
803701  1
803801  1
803901  1
804001  1
804101  1
804201  1
804301  1
804401  1
804501  1
804601  1
804701  1
804801  1
804901  1
805001  1
805101  1
805201  1
805301  1
805401  1
805501  1
805601  1
805701  1
805801  1
805901  1
806001  1
806101  1
806201  1
806301  1
806401  1
806501  1
806601  1
806701  1
806801  1
806901  1
807001  1
807101  1
807201  1
807301  1
807401  1
807501  1
807601  1
807701  1
807801  1
807901  1
808001  1
808101  1
808201  1
808301  1
808401  1
808501  1
808601  1
808701  1
808801  1
808901  1
809001  1
809101  1
809201  1
809301  1
809401  1
809501  1
809601  1
809701  1
809801  1
809901  1
810001  1
810101  1
810201  1
810301  1
810401  1
810501  1
810601  1
810701  1
810801  1
810901  1
811001  1
811101  1
811201  1
811301  1
811401  1
811501  1
811601  1
811701  0
811801  1
811901  1
812001  1
812101  1
812201  1
812301  1
812401  1
812501  1
812601  1
812701  1
812801  1
812901  1
813001  1
813101  1
813201  1
813301  1
813401  1
813501  1
813601  1
813701  1
813801  1
813901  1
814001  1
814101  1
814201  1
814301  1
814401  1
814501  1
814601  1
814701  1
814801  1
814901  1
815001  1
815101  1
815201  1
815301  1
815401  1
815501  1
815601  1
815701  1
815801  1
815901  1
816001  1
816101  1
816201  1
816301  1
816401  1
816501  1
816601  1
816701  1
816801  1
816901  1
817001  1
817101  1
817201  0
817301  1
817401  1
817501  1
817601  1
817701  1
817801  1
817901  1
818001  1
818101  1
818201  1
818301  1
818401  1
818501  1
818601  1
818701  1
818801  1
818901  1
819001  1
819101  1
819201  1
819301  1
819401  1
819501  1
819601  1
819701  1
819801  1
819901  1
820001  1
820101  1
820201  1
820301  1
820401  1
820501  1
820601  1
820701  1
820801  1
820901  1
821001  1
821101  1
821201  1
821301  1
821401  1
821501  1
821601  1
821701  1
821801  1
821901  1
822001  0
822101  1
822201  1
822301  1
822401  1
822501  1
822601  1
822701  1
822801  1
822901  1
823001  1
823101  1
823201  1
823301  1
823401  1
823501  1
823601  1
823701  1
823801  1
823901  1
824001  1
824101  1
824201  1
824301  1
824401  1
824501  1
824601  1
824701  1
824801  1
824901  1
825001  1
825101  1
825201  1
825301  1
825401  1
825501  1
825601  1
825701  1
825801  1
825901  1
826001  1
826101  1
826201  1
826301  1
826401  1
826501  1
826601  1
826701  1
826801  0
826901  1
827001  1
827101  1
827201  1
827301  1
827401  1
827501  1
827601  1
827701  1
827801  1
827901  1
828001  1
828101  1
828201  1
828301  1
828401  1
828501  1
828601  1
828701  1
828801  1
828901  1
829001  0
829101  1
829201  1
829301  1
829401  1
829501  1
829601  1
829701  1
829801  1
829901  1
830001  1
830101  1
830201  1
830301  1
830401  1
830501  1
830601  1
830701  1
830801  1
830901  1
831001  1
831101  1
831201  1
831301  1
831401  1
831501  1
831601  1
831701  1
831801  1
831901  1
832001  1
832101  1
832201  1
832301  1
832401  1
832501  1
832601  1
832701  1
832801  1
832901  1
833001  1
833101  1
833201  1
833301  1
833401  1
833501  1
833601  1
833701  1
833801  1
833901  1
834001  1
834101  1
834201  1
834301  1
834401  1
834501  1
834601  1
834701  1
834801  1
834901  1
835001  1
835101  1
835201  1
835301  1
835401  1
835501  1
835601  1
835701  1
835801  1
835901  1
836001  1
836101  1
836201  1
836301  1
836401  1
836501  1
836601  1
836701  1
836801  1
836901  1
837001  1
837101  1
837201  1
837301  1
837401  1
837501  1
837601  1
837701  1
837801  1
837901  1
838001  1
838101  1
838201  1
838301  1
838401  1
838501  1
838601  1
838701  1
838801  1
838901  1
839001  1
839101  1
839201  1
839301  1
839401  1
839501  1
839601  1
839701  1
839801  1
839901  1
840001  0
840101  1
840201  1
840301  0
840401  1
840501  1
840601  1
840701  1
840801  1
840901  1
841001  1
841101  1
841201  1
841301  1
841401  1
841501  1
841601  1
841701  1
841801  1
841901  1
842001  1
842101  1
842201  1
842301  1
842401  1
842501  1
842601  1
842701  1
842801  1
842901  1
843001  1
843101  1
843201  1
843301  1
843401  0
843501  1
843601  1
843701  1
843801  1
843901  1
844001  1
844101  1
844201  1
844301  1
844401  1
844501  1
844601  1
844701  1
844801  1
844901  1
845001  1
845101  1
845201  1
845301  1
845401  0
845501  1
845601  1
845701  1
845801  1
845901  1
846001  1
846101  1
846201  1
846301  1
846401  1
846501  1
846601  1
846701  1
846801  1
846901  1
847001  1
847101  1
847201  1
847301  1
847401  1
847501  1
847601  1
847701  1
847801  1
847901  1
848001  1
848101  1
848201  1
848301  1
848401  1
848501  0
848601  1
848701  1
848801  1
848901  1
849001  1
849101  1
849201  1
849301  1
849401  1
849501  1
849601  1
849701  1
849801  1
849901  1
850001  1
850101  1
850201  1
850301  1
850401  1
850501  1
850601  1
850701  1
850801  1
850901  1
851001  1
851101  1
851201  1
851301  1
851401  1
851501  1
851601  1
851701  1
851801  1
851901  1
852001  1
852101  1
852201  1
852301  1
852401  1
852501  1
852601  1
852701  1
852801  1
852901  1
853001  1
853101  1
853201  0
853301  1
853401  1
853501  1
853601  1
853701  1
853801  1
853901  1
854001  1
854101  1
854201  1
854301  1
854401  1
854501  1
854601  1
854701  1
854801  1
854901  1
855001  1
855101  1
855201  1
855301  1
855401  1
855501  1
855601  1
855701  1
855801  1
855901  1
856001  1
856101  1
856201  1
856301  1
856401  1
856501  1
856601  1
856701  1
856801  1
856901  1
857001  1
857101  1
857201  1
857301  1
857401  1
857501  1
857601  1
857701  1
857801  1
857901  1
858001  1
858101  1
858201  1
858301  1
858401  1
858501  1
858601  1
858701  1
858801  1
858901  1
859001  1
859101  1
859201  1
859301  1
859401  1
859501  1
859601  1
859701  1
859801  1
859901  1
860001  1
860101  1
860201  1
860301  1
860401  1
860501  1
860601  1
860701  1
860801  1
860901  1
861001  1
861101  1
861201  1
861301  1
861401  1
861501  1
861601  1
861701  1
861801  1
861901  1
862001  1
862101  1
862201  1
862301  1
862401  1
862501  0
862601  1
862701  1
862801  1
862901  0
863001  1
863101  1
863201  1
863301  1
863401  1
863501  1
863601  1
863701  1
863801  1
863901  1
864001  1
864101  1
864201  1
864301  1
864401  1
864501  1
864601  1
864701  1
864801  1
864901  1
865001  1
865101  1
865201  1
865301  1
865401  1
865501  1
865601  1
865701  1
865801  1
865901  1
866001  1
866101  1
866201  1
866301  1
866401  1
866501  1
866601  1
866701  1
866801  1
866901  1
867001  1
867101  0
867201  1
867301  1
867401  1
867501  1
867601  0
867701  1
867801  1
867901  1
868001  1
868101  1
868201  1
868301  1
868401  1
868501  1
868601  1
868701  1
868801  1
868901  1
869001  1
869101  1
869201  1
869301  1
869401  1
869501  1
869601  1
869701  1
869801  1
869901  1
870001  1
870101  1
870201  1
870301  1
870401  1
870501  1
870601  1
870701  1
870801  1
870901  1
871001  1
871101  1
871201  1
871301  1
871401  1
871501  1
871601  1
871701  1
871801  1
871901  1
872001  1
872101  1
872201  1
872301  1
872401  1
872501  1
872601  1
872701  1
872801  1
872901  1
873001  1
873101  1
873201  1
873301  1
873401  1
873501  1
873601  1
873701  1
873801  1
873901  1
874001  1
874101  1
874201  1
874301  1
874401  1
874501  1
874601  1
874701  1
874801  1
874901  1
875001  1
875101  1
875201  1
875301  1
875401  1
875501  1
875601  0
875701  1
875801  1
875901  0
876001  1
876101  1
876201  1
876301  1
876401  1
876501  1
876601  1
876701  1
876801  1
876901  1
877001  1
877101  1
877201  1
877301  1
877401  1
877501  1
877601  1
877701  1
877801  1
877901  1
878001  1
878101  1
878201  1
878301  1
878401  1
878501  1
878601  1
878701  1
878801  1
878901  1
879001  1
879101  1
879201  1
879301  1
879401  1
879501  1
879601  0
879701  1
879801  1
879901  1
880001  1
880101  1
880201  1
880301  1
880401  1
880501  1
880601  1
880701  1
880801  1
880901  1
881001  1
881101  1
881201  1
881301  1
881401  1
881501  1
881601  1
881701  1
881801  1
881901  1
882001  1
882101  1
882201  0
882301  1
882401  1
882501  1
882601  1
882701  1
882801  1
882901  1
883001  1
883101  1
883201  1
883301  1
883401  1
883501  1
883601  1
883701  1
883801  1
883901  1
884001  1
884101  1
884201  1
884301  1
884401  1
884501  1
884601  1
884701  1
884801  1
884901  1
885001  1
885101  1
885201  1
885301  1
885401  1
885501  1
885601  1
885701  1
885801  1
885901  1
886001  1
886101  1
886201  1
886301  1
886401  1
886501  1
886601  1
886701  1
886801  1
886901  1
887001  1
887101  1
887201  1
887301  1
887401  1
887501  0
887601  1
887701  1
887801  1
887901  1
888001  1
888101  1
888201  1
888301  1
888401  1
888501  1
888601  1
888701  1
888801  1
888901  1
889001  1
889101  1
889201  1
889301  1
889401  1
889501  1
889601  1
889701  1
889801  1
889901  1
890001  1
890101  1
890201  1
890301  1
890401  1
890501  1
890601  1
890701  1
890801  1
890901  1
891001  1
891101  1
891201  1
891301  1
891401  1
891501  1
891601  1
891701  1
891801  1
891901  1
892001  1
892101  1
892201  1
892301  1
892401  1
892501  1
892601  1
892701  1
892801  1
892901  1
893001  1
893101  1
893201  1
893301  1
893401  1
893501  1
893601  1
893701  1
893801  1
893901  1
894001  1
894101  1
894201  1
894301  1
894401  1
894501  1
894601  1
894701  1
894801  1
894901  1
895001  1
895101  1
895201  1
895301  1
895401  1
895501  1
895601  1
895701  1
895801  1
895901  1
896001  1
896101  1
896201  1
896301  1
896401  1
896501  1
896601  1
896701  1
896801  1
896901  1
897001  0
897101  1
897201  1
897301  1
897401  1
897501  1
897601  1
897701  1
897801  1
897901  1
898001  1
898101  1
898201  1
898301  1
898401  1
898501  1
898601  1
898701  1
898801  1
898901  1
899001  1
899101  1
899201  1
899301  1
899401  1
899501  1
899601  1
899701  1
899801  1
899901  1
900001  1
900101  1
900201  1
900301  1
900401  1
900501  1
900601  1
900701  1
900801  1
900901  1
901001  0
901101  1
901201  1
901301  1
901401  1
901501  1
901601  1
901701  1
901801  1
901901  1
902001  1
902101  1
902201  1
902301  1
902401  1
902501  1
902601  1
902701  1
902801  1
902901  1
903001  1
903101  0
903201  1
903301  1
903401  1
903501  1
903601  1
903701  1
903801  1
903901  1
904001  1
904101  1
904201  1
904301  1
904401  1
904501  1
904601  1
904701  1
904801  1
904901  1
905001  1
905101  1
905201  1
905301  1
905401  1
905501  1
905601  1
905701  1
905801  1
905901  0
906001  1
906101  1
906201  1
906301  1
906401  1
906501  1
906601  1
906701  1
906801  1
906901  1
907001  1
907101  1
907201  1
907301  1
907401  1
907501  1
907601  1
907701  1
907801  1
907901  1
908001  0
908101  1
908201  1
908301  1
908401  1
908501  1
908601  1
908701  1
908801  1
908901  1
909001  1
909101  1
909201  1
909301  1
909401  1
909501  1
909601  1
909701  1
909801  1
909901  1
910001  1
910101  1
910201  1
910301  1
910401  1
910501  1
910601  1
910701  1
910801  1
910901  1
911001  1
911101  1
911201  1
911301  1
911401  1
911501  1
911601  1
911701  1
911801  1
911901  1
912001  1
912101  1
912201  1
912301  0
912401  1
912501  1
912601  1
912701  1
912801  1
912901  1
913001  1
913101  1
913201  1
913301  1
913401  1
913501  1
913601  1
913701  1
913801  1
913901  1
914001  1
914101  0
914201  1
914301  1
914401  1
914501  1
914601  1
914701  1
914801  1
914901  1
915001  1
915101  0
915201  1
915301  1
915401  1
915501  1
915601  1
915701  1
915801  1
915901  1
916001  1
916101  1
916201  1
916301  1
916401  1
916501  1
916601  1
916701  1
916801  1
916901  1
917001  1
917101  1
917201  1
917301  1
917401  1
917501  1
917601  1
917701  1
917801  1
917901  1
918001  1
918101  1
918201  1
918301  1
918401  1
918501  1
918601  1
918701  1
918801  1
918901  1
919001  1
919101  1
919201  1
919301  1
919401  1
919501  1
919601  1
919701  1
919801  1
919901  1
920001  1
920101  1
920201  1
920301  1
920401  1
920501  1
920601  1
920701  1
920801  1
920901  1
921001  1
921101  1
921201  1
921301  1
921401  0
921501  1
921601  1
921701  1
921801  1
921901  1
922001  1
922101  1
922201  1
922301  1
922401  1
922501  1
922601  1
922701  1
922801  1
922901  1
923001  1
923101  1
923201  1
923301  1
923401  1
923501  1
923601  1
923701  1
923801  1
923901  1
924001  1
924101  1
924201  1
924301  1
924401  1
924501  1
924601  1
924701  1
924801  1
924901  1
925001  1
925101  1
925201  1
925301  1
925401  1
925501  1
925601  1
925701  1
925801  1
925901  1
926001  1
926101  1
926201  1
926301  1
926401  1
926501  1
926601  1
926701  1
926801  1
926901  1
927001  0
927101  1
927201  1
927301  1
927401  1
927501  1
927601  1
927701  1
927801  1
927901  1
928001  1
928101  1
928201  1
928301  1
928401  1
928501  1
928601  1
928701  1
928801  1
928901  1
929001  1
929101  1
929201  1
929301  1
929401  1
929501  1
929601  1
929701  1
929801  1
929901  1
930001  1
930101  1
930201  1
930301  1
930401  1
930501  1
930601  1
930701  1
930801  1
930901  1
931001  1
931101  1
931201  1
931301  1
931401  1
931501  1
931601  1
931701  1
931801  1
931901  1
932001  1
932101  1
932201  1
932301  1
932401  1
932501  1
932601  1
932701  1
932801  1
932901  0
933001  1
933101  1
933201  1
933301  1
933401  1
933501  1
933601  1
933701  1
933801  1
933901  1
934001  1
934101  1
934201  1
934301  1
934401  1
934501  1
934601  1
934701  1
934801  1
934901  1
935001  1
935101  1
935201  1
935301  1
935401  1
935501  1
935601  1
935701  1
935801  1
935901  1
936001  1
936101  1
936201  1
936301  1
936401  1
936501  1
936601  1
936701  1
936801  1
936901  1
937001  1
937101  1
937201  1
937301  1
937401  1
937501  1
937601  1
937701  1
937801  1
937901  1
938001  1
938101  1
938201  0
938301  1
938401  1
938501  1
938601  1
938701  1
938801  1
938901  1
939001  1
939101  1
939201  1
939301  1
939401  1
939501  1
939601  1
939701  1
939801  1
939901  1
940001  1
940101  1
940201  1
940301  1
940401  1
940501  1
940601  1
940701  1
940801  1
940901  1
941001  1
941101  1
941201  1
941301  1
941401  0
941501  1
941601  1
941701  1
941801  1
941901  1
942001  1
942101  1
942201  1
942301  0
942401  1
942501  1
942601  1
942701  1
942801  1
942901  1
943001  1
943101  1
943201  1
943301  1
943401  1
943501  1
943601  1
943701  1
943801  1
943901  1
944001  1
944101  1
944201  1
944301  1
944401  1
944501  1
944601  1
944701  1
944801  1
944901  1
945001  1
945101  1
945201  1
945301  1
945401  1
945501  1
945601  1
945701  1
945801  1
945901  1
946001  1
946101  1
946201  1
946301  1
946401  1
946501  1
946601  1
946701  1
946801  1
946901  1
947001  1
947101  1
947201  1
947301  1
947401  1
947501  1
947601  1
947701  1
947801  1
947901  1
948001  1
948101  1
948201  1
948301  1
948401  1
948501  1
948601  1
948701  1
948801  1
948901  1
949001  1
949101  1
949201  1
949301  1
949401  1
949501  1
949601  1
949701  1
949801  1
949901  1
950001  1
950101  1
950201  1
950301  1
950401  1
950501  1
950601  1
950701  1
950801  1
950901  1
951001  1
951101  1
951201  1
951301  1
951401  1
951501  1
951601  1
951701  1
951801  1
951901  1
952001  1
952101  1
952201  1
952301  1
952401  0
952501  1
952601  1
952701  1
952801  1
952901  1
953001  1
953101  1
953201  1
953301  0
953401  1
953501  1
953601  1
953701  1
953801  1
953901  1
954001  1
954101  1
954201  1
954301  1
954401  1
954501  1
954601  1
954701  1
954801  1
954901  1
955001  1
955101  1
955201  1
955301  1
955401  1
955501  1
955601  1
955701  1
955801  1
955901  1
956001  1
956101  1
956201  1
956301  1
956401  1
956501  0
956601  1
956701  1
956801  0
956901  1
957001  1
957101  1
957201  1
957301  0
957401  1
957501  1
957601  1
957701  1
957801  1
957901  1
958001  1
958101  1
958201  1
958301  1
958401  1
958501  1
958601  1
958701  1
958801  1
958901  1
959001  1
959101  1
959201  1
959301  1
959401  1
959501  1
959601  1
959701  1
959801  1
959901  1
960001  1
960101  1
960201  1
960301  1
960401  1
960501  1
960601  1
960701  1
960801  1
960901  1
961001  1
961101  1
961201  1
961301  1
961401  1
961501  1
961601  1
961701  1
961801  1
961901  1
962001  1
962101  1
962201  1
962301  1
962401  1
962501  1
962601  1
962701  1
962801  1
962901  1
963001  1
963101  1
963201  1
963301  1
963401  0
963501  1
963601  1
963701  1
963801  0
963901  1
964001  1
964101  1
964201  1
964301  1
964401  1
964501  1
964601  1
964701  1
964801  1
964901  1
965001  1
965101  1
965201  1
965301  1
965401  1
965501  1
965601  1
965701  1
965801  1
965901  1
966001  1
966101  1
966201  1
966301  1
966401  1
966501  1
966601  1
966701  1
966801  1
966901  1
967001  1
967101  1
967201  1
967301  1
967401  1
967501  1
967601  1
967701  1
967801  1
967901  1
968001  1
968101  1
968201  1
968301  1
968401  1
968501  1
968601  1
968701  1
968801  1
968901  1
969001  1
969101  1
969201  1
969301  1
969401  1
969501  1
969601  1
969701  1
969801  1
969901  1
970001  1
970101  1
970201  1
970301  1
970401  1
970501  1
970601  1
970701  1
970801  1
970901  1
971001  1
971101  1
971201  1
971301  1
971401  1
971501  1
971601  1
971701  1
971801  1
971901  1
972001  1
972101  1
972201  1
972301  1
972401  1
972501  1
972601  1
972701  1
972801  1
972901  1
973001  1
973101  1
973201  1
973301  1
973401  1
973501  1
973601  1
973701  1
973801  1
973901  1
974001  1
974101  1
974201  1
974301  1
974401  1
974501  1
974601  1
974701  1
974801  1
974901  1
975001  1
975101  1
975201  1
975301  1
975401  1
975501  1
975601  1
975701  0
975801  1
975901  1
976001  1
976101  0
976201  1
976301  1
976401  1
976501  1
976601  1
976701  1
976801  1
976901  1
977001  1
977101  1
977201  1
977301  1
977401  1
977501  1
977601  1
977701  1
977801  1
977901  1
978001  1
978101  1
978201  1
978301  1
978401  1
978501  1
978601  1
978701  1
978801  1
978901  1
979001  1
979101  1
979201  1
979301  1
979401  1
979501  1
979601  1
979701  1
979801  1
979901  1
980001  1
980101  0
980201  1
980301  1
980401  1
980501  1
980601  1
980701  1
980801  1
980901  1
981001  1
981101  1
981201  1
981301  1
981401  1
981501  1
981601  1
981701  1
981801  1
981901  1
982001  1
982101  1
982201  1
982301  1
982401  1
982501  1
982601  1
982701  1
982801  1
982901  1
983001  1
983101  1
983201  1
983301  1
983401  1
983501  1
983601  1
983701  1
983801  1
983901  1
984001  1
984101  1
984201  1
984301  1
984401  1
984501  1
984601  1
984701  1
984801  1
984901  1
985001  1
985101  1
985201  1
985301  1
985401  1
985501  1
985601  1
985701  1
985801  1
985901  1
986001  1
986101  1
986201  1
986301  0
986401  1
986501  1
986601  1
986701  1
986801  1
986901  1
987001  1
987101  1
987201  1
987301  1
987401  1
987501  1
987601  1
987701  1
987801  1
987901  1
988001  1
988101  1
988201  1
988301  1
988401  1
988501  1
988601  1
988701  1
988801  1
988901  1
989001  1
989101  1
989201  1
989301  1
989401  1
989501  1
989601  1
989701  1
989801  1
989901  1
990001  0
990101  0
990201  1
990301  1
990401  1
990501  1
990601  1
990701  1
990801  1
990901  1
991001  1
991101  1
991201  1
991301  1
991401  1
991501  1
991601  1
991701  1
991801  1
991901  1
992001  1
992101  1
992201  1
992301  1
992401  1
992501  1
992601  1
992701  1
992801  1
992901  1
993001  1
993101  1
993201  1
993301  1
993401  1
993501  1
993601  1
993701  1
993801  1
993901  1
994001  1
994101  1
994201  1
994301  1
994401  1
994501  1
994601  1
994701  1
994801  1
994901  1
995001  0
995101  1
995201  1
995301  1
995401  1
995501  1
995601  1
995701  1
995801  1
995901  1
996001  1
996101  1
996201  1
996301  1
996401  1
996501  1
996601  1
996701  1
996801  1
996901  1
997001  1
997101  1
997201  1
997301  1
997401  1
997501  1
997601  1
997701  1
997801  1
997901  1
998001  1
998101  1
998201  1
998301  1
998401  1
998501  1
998601  0
998701  1
998801  1
998901  1
999001  1
999101  1
999201  1
999301  1
999401  1
999501  1
999601  1
999701  1
999801  1
999901  1
1000001  1
1000101  1
1000201  1
1000301  1
1000401  1
1000501  1
1000601  1
1000701  1
1000801  1
1000901  1
1001001  1
1001101  1
1001201  1
1001301  1
1001401  1
1001501  1
1001601  1
1001701  1
1001801  1
1001901  1
1002001  1
1002101  1
1002201  1
1002301  1
1002401  1
1002501  1
1002601  1
1002701  1
1002801  1
1002901  1
1003001  1
1003101  1
1003201  1
1003301  1
1003401  1
1003501  1
1003601  1
1003701  1
1003801  1
1003901  1
1004001  0
1004101  1
1004201  1
1004301  1
1004401  1
1004501  1
1004601  1
1004701  1
1004801  1
1004901  1
1005001  1
1005101  1
1005201  1
1005301  1
1005401  1
1005501  1
1005601  1
1005701  1
1005801  1
1005901  1
1006001  1
1006101  1
1006201  1
1006301  1
1006401  1
1006501  1
1006601  1
1006701  1
1006801  1
1006901  1
1007001  1
1007101  1
1007201  1
1007301  1
1007401  1
1007501  1
1007601  1
1007701  1
1007801  1
1007901  1
1008001  1
1008101  1
1008201  1
1008301  1
1008401  1
1008501  1
1008601  1
1008701  1
1008801  1
1008901  1
1009001  1
1009101  1
1009201  1
1009301  1
1009401  1
1009501  1
1009601  1
1009701  1
1009801  1
1009901  1
